  0.00039367461962821  0.00498256157139221  0.00792488350866876  0.01064056271093647
  0.01336532986185410  0.01645761138165769  0.01978318755845989  0.02315371310887441
  0.02665160670413666  0.03007960613615864  0.03366026876205441  0.03744697097117348
  0.04115717068724756  0.04486490177657076  0.04874915928536024  0.05274623783861661
  0.05679030952406423  0.06088729055902002  0.06487418122783196  0.06897762867127312
  0.07332723467611049  0.07775176235596382  0.08218253725649716  0.08670808134924832
  0.09132813667576646  0.09582152148743976  0.10047447823577098  0.10540714324608742
  0.11036970532555952  0.11539628872953371  0.12050872435781990  0.12569710354754818
  0.13090685937769939  0.13616274818202673  0.14132202575554875  0.14702738315618846
  0.15353047844252807  0.16022745556670279  0.16690651395290815  0.17370344342232949
  0.18060138268454085  0.18760586667234608  0.19467698951402326  0.20185757363651541
  0.20921501007817683  0.21709282445627048  0.22733043255126995  0.23752718525503064
  0.24776804457379786  0.25817174221947881  0.26888425175986136  0.28000075890629567
  0.29155630321392056  0.30389530692078259  0.31825982823462629  0.33617861528736737
  0.35756862936643730  0.38141856329157436  0.41097310038194368  0.45296201938430070
  0.51872927742095987  0.57014346455931075  0.60036314106063626  0.62425334999579196
  0.64459774773893863  0.66260906302708800  0.67939191409768929  0.69579728068035906
  0.71162603474002450  0.72635123867023699  0.73996805027801116  0.75292517985781016
  0.76540937982196855  0.77739084416998994  0.78892900191109760  0.80010675370664486
  0.81080195994155480  0.82103036012702602  0.83100818268006305  0.84078933579274784
  0.85026867552351360  0.85961661744275975  0.86888184845891314  0.87809999600616295
  0.88740313265545145  0.89676043088762392  0.90608181347149586  0.91535194561553812
  0.92464121234716545  0.93408435321730798  0.94370398757326268  0.95347371702865524
  0.96308173234702388  0.97423704306382497  0.98657724206718977  1.00000000000000000
 -0.00261410113680163  0.01030174251600878  0.02094270729988315  0.03192535076221235
  0.04305979140196502  0.05388345495156145  0.06427192915224275  0.07420917054211752
  0.08439002826425543  0.09484644189362113  0.10508067585312568  0.11571838525781150
  0.12622818705696803  0.13649160865585416  0.14670680868726574  0.15677009797120739
  0.16736249199776607  0.17743737033173385  0.18721184453659986  0.19768856413265076
  0.20813306883144361  0.21837442620890721  0.22864601977083218  0.23926076747401745
  0.24984242360077077  0.25956429674461401  0.26945700683996920  0.27989515158715256
  0.29017084832665674  0.30028827139356790  0.30991660880205602  0.31950314378038602
  0.32906880148642970  0.33888090443659935  0.34908624540223948  0.35955484460030773
  0.37026987159601399  0.38081777557542051  0.39096994697281739  0.40098876804350309
  0.41119033923343312  0.42173732596199420  0.43248333598941863  0.44340778850908263
  0.45461252726416296  0.46596274249060216  0.47718660154454406  0.48847458975549513
  0.49993410341118227  0.51149750035037056  0.52256252120403246  0.53295112841569237
  0.54336301991012337  0.55416171704663286  0.56534309324925813  0.57603976916744504
  0.58672653033319844  0.59828379134068044  0.60948911550178797  0.62034858966128148
  0.63049402298090396  0.64075083349295703  0.65138816727064985  0.66188362497712294
  0.67232732170203158  0.68257168497629284  0.69397495697915534  0.70554662630314913
  0.71663679073472197  0.72750137615045940  0.73829103482429603  0.74888061135917483
  0.75914943046688799  0.76946275912160667  0.78018716774629981  0.79110110622150076
  0.80211076285751515  0.81283695385018262  0.82313774562478226  0.83301610033604212
  0.84260559549304048  0.85231904058224384  0.86233859340000885  0.87240863961819870
  0.88248258094328291  0.89277482159696908  0.90295978964910251  0.91342472310015888
  0.92382129759672149  0.93446840687799959  0.94479260107142937  0.95504195473091025
  0.96628258551234592  0.97780472017622821  0.98909216184838433  1.00000000000000000
  0.93818210653549183  0.94020947159689128  0.94178899355084433  0.94326968145803380
  0.94464364088306929  0.94587480470208651  0.94697506733754944  0.94803757450597959
  0.94909402859927272  0.95011419424479804  0.95109415768301686  0.95201858505195769
  0.95293461755281239  0.95383884897286586  0.95473167811326110  0.95564430122553767
  0.95656126805355235  0.95746960948719562  0.95826919200360683  0.95896910072380437
  0.95964371246757540  0.96035974196359963  0.96108046181550755  0.96179229845022463
  0.96249615235550634  0.96318298572939365  0.96385042792562980  0.96449544845217550
  0.96514262531241812  0.96580339816693295  0.96646220603867050  0.96710923734725063
  0.96775906646780396  0.96839368262351810  0.96903167833899406  0.96964048152040361
  0.97024351828235944  0.97083957161680712  0.97143907930993501  0.97204531999333976
  0.97266678473364332  0.97329821818364459  0.97392671764390504  0.97453035726182136
  0.97510792140431224  0.97567323766788772  0.97623620082299867  0.97679444796070958
  0.97733514362516927  0.97787895958702098  0.97842760130532169  0.97899366639580987
  0.97954122686380085  0.98006004306255068  0.98057433138967820  0.98107736102859644
  0.98158147881372948  0.98207471061702745  0.98256459043753164  0.98306125716203474
  0.98356797028014331  0.98407384282614763  0.98456660828447773  0.98503833912848937
  0.98549818692389402  0.98594978984904302  0.98640311233960665  0.98687190652786172
  0.98734562249606594  0.98780904648288326  0.98826239977658048  0.98872041252526888
  0.98918629844170280  0.98965169388203122  0.99011005479249348  0.99056328656353054
  0.99102135362108745  0.99147582683785995  0.99192550828647708  0.99237482569201618
  0.99283097347357485  0.99328732180109358  0.99374200166204818  0.99418932004180316
  0.99463755920670205  0.99509073935426218  0.99553317554262066  0.99596947938032732
  0.99640926435473676  0.99685883754285098  0.99733135749108448  0.99782278796773127
  0.99831145766007467  0.99881202400229741  0.99937205569194243  1.00000000000000000
 -0.01149851374495647  0.06794765062747475  0.09967576242436686  0.12114702291627336
  0.13642050715741258  0.14921284994262388  0.16081274605620782  0.17163173709103777
  0.18167130185787048  0.19120067022804588  0.20059433163716522  0.20985862410178605
  0.21894669501516273  0.22778414436135577  0.23648153921591347  0.24502990617172432
  0.25377860373542177  0.26205438179432156  0.27001278899151887  0.27787212275770606
  0.28561149103569627  0.29357621743614748  0.30152334345860299  0.30953614781863859
  0.31733981260141930  0.32506689052682475  0.33281398081982905  0.34042836198419058
  0.34796806993777130  0.35567908873842008  0.36314920496197789  0.37033745494263348
  0.37757107531967921  0.38482185764655019  0.39206791931499624  0.39937663536965029
  0.40688075940253587  0.41446671510053240  0.42187984882874174  0.42936634358902681
  0.43697404066147438  0.44459692715322469  0.45232146003132689  0.46004496009608847
  0.46802287649488200  0.47594413180445067  0.48389443335274746  0.49218667187442244
  0.50036381697216137  0.50879802754118975  0.51740873070219762  0.52572044948369057
  0.53369538904810510  0.54149757397151732  0.54919547564748428  0.55704397317473597
  0.56505978137574064  0.57293496039249403  0.58073187270608007  0.58838561706136649
  0.59590253702417395  0.60334623489903594  0.61076880393860611  0.61845414605088256
  0.62629090360861528  0.63402518607127867  0.64157995927691291  0.64896550709532230
  0.65638126792508966  0.66385807195473712  0.67134012898867923  0.67870832821523719
  0.68617608013823161  0.69382310607541198  0.70153493072718764  0.70917236582125853
  0.71680895216887819  0.72448106741140728  0.73212968361666664  0.73979668425829659
  0.74755784546555093  0.75563369133685276  0.76426267850209639  0.77297443922285780
  0.78214276776180236  0.79127554589008475  0.80163998076062726  0.81208803918175543
  0.82288172321152919  0.83450689060579086  0.84698169586432392  0.86149179173906032
  0.87791911660899880  0.89860668196314353  0.92904588462597748  1.00000000000000000
   2200.4963411585277       -1.0000000000000000     
 F F F F F F F F F F F F F F F F F F F F F F F F F F F F F F F F
  <DiscreteSampler_grid>
  grouped_processes
  1 # 1 for a reference and 2 for a running grid.
  10 # Attribute 'min_bin_probing_points' of the grid.
  1 # Attribute 'grid_mode' of the grid. 1=='default',2=='initialization'
  0.0000000000000000 # Attribute 'small_contrib_threshold' of the grid.
  0.5000000000000000 # Attribute 'damping_power' of the grid.
 # binID   n_entries weight   weight_sqr   abs_weight
    10   10   2.890188216309919E+008   1.809753142412164E+017   2.890188216309919E+008
  </DiscreteSampler_grid>
