 -0.00005478345013820  0.00051291751293135  0.00103876556256482  0.00177265349026983
  0.00267912161083337  0.00374220912810333  0.00496076325130607  0.00645557824917476
  0.00807904170165373  0.00976463591830730  0.01159417597496045  0.01357233298877900
  0.01571717988549351  0.01802439649766772  0.02043715809008301  0.02297597483658856
  0.02565262032636490  0.02845719014125189  0.03128902000635953  0.03424162793258777
  0.03737873446132716  0.04066190117803939  0.04397272050704371  0.04736729159334981
  0.05087243753580735  0.05448242006265683  0.05821647968738705  0.06215614966004612
  0.06641007241189914  0.07092476501328730  0.07546167037922479  0.08003269713646342
  0.08465373179158110  0.08936205742901594  0.09414436552883818  0.09896857948061455
  0.10411445335010816  0.10948925514537090  0.11513692314913446  0.12108910997096650
  0.12732851827471645  0.13340659869876006  0.14003944545310218  0.14702637276832661
  0.15415427712630117  0.16134417307877535  0.16869042000917070  0.17662980059256078
  0.18454345943788239  0.19278029041459246  0.20139079723368114  0.21053274385954393
  0.22043489529808735  0.23102540515124512  0.24255914685286109  0.25545473513345018
  0.26954834234416575  0.28464992850056314  0.30097380209785957  0.31987508086791405
  0.34231881966788175  0.37190688278530831  0.41913515078445107  0.51074911578957027
  0.59543746418368459  0.63687128986637043  0.66684411761925999  0.69126556708943243
  0.71306627715449977  0.73213933633578043  0.74962530336349276  0.76628453366763305
  0.78172669873422929  0.79488982539989250  0.80780242114308576  0.82063117094418370
  0.83312752117104416  0.84499972110100585  0.85608513031613809  0.86668851573527794
  0.87690217917457414  0.88674283533114784  0.89608924660796430  0.90504252133156060
  0.91376066500554476  0.92227558677587684  0.93055118159430528  0.93873834485369911
  0.94685540761760800  0.95490020986629287  0.96269910614702237  0.97037765663790843
  0.97795024559989230  0.98529627971392220  0.99264581119419648  1.00000000000000000
 -0.00170867648766138  0.00810893147423461  0.01634877515688622  0.02517322929144419
  0.03445584544903656  0.04419995596788320  0.05425795239854889  0.06444085820933643
  0.07414487978921712  0.08393913892092941  0.09367359925931562  0.10401287872239054
  0.11572069625100610  0.12813872202737223  0.13974714983428788  0.15107284655632400
  0.16198786224376677  0.17251150233385501  0.18329532063976856  0.19505916610335991
  0.20735026359695080  0.21946713259099013  0.23129005923061674  0.24283306796044438
  0.25381909673308345  0.26469993599635400  0.27580826421765342  0.28725981704656206
  0.29913262559392412  0.31168919550845309  0.32473063478211239  0.33723117873025149
  0.34853483193107465  0.35893672995123271  0.36932322526753980  0.38049892762414750
  0.39220427378064243  0.40323994925088552  0.41387443084607112  0.42473111052035195
  0.43587520576522748  0.44610494354242008  0.45601898730506257  0.46591111552333703
  0.47540531368519084  0.48487095547662179  0.49456219975071886  0.50507402376432564
  0.51620627069458891  0.52655975837893632  0.53673584942091868  0.54788425131356111
  0.55996117689208880  0.57133348048197086  0.58131443489784140  0.59019208523980982
  0.59930910461264830  0.60885199002631729  0.61805581687354461  0.62706234322335319
  0.63610570604972805  0.64523165558562467  0.65480201594411569  0.66507724493404075
  0.67582315116344971  0.68616508749515326  0.69579732700603880  0.70550432267281982
  0.71583655160620818  0.72675907698194075  0.73728497719619790  0.74729191458928979
  0.75690577987825169  0.76731702775120247  0.77940938176668317  0.79226335518173308
  0.80437170874132335  0.81568790944640324  0.82698212813827765  0.83812863139772154
  0.84875161914006814  0.85846604108984226  0.86764983420088282  0.87738194362790589
  0.88639158182943345  0.89497892003686108  0.90382643070850655  0.91321657654137689
  0.92407765503021111  0.93519033218276815  0.94715125809071843  0.95931893329631690
  0.97061094393264036  0.98076471894726158  0.99027942042526185  1.00000000000000000
 -0.00177336582668906  0.01199362123044967  0.02314687517683110  0.03300998784717203
  0.04223066231047247  0.05047894687226470  0.05806109753886226  0.06522926385354746
  0.07208169906984256  0.07885019777735608  0.08587592784384726  0.09311388549270058
  0.10018516651587601  0.10761112480187665  0.11564374437221603  0.12357463813634526
  0.13156322676140533  0.13960663987401647  0.14712296270908856  0.15379914621619378
  0.16015341994367258  0.16614476131532821  0.17223848736175842  0.17848458388804769
  0.18475753018577346  0.19091863604163709  0.19686255969537961  0.20285487108840855
  0.20900192638154785  0.21524191928799422  0.22155870371166542  0.22813181242310068
  0.23496427863533415  0.24186767657573272  0.24868420476716821  0.25527540411564986
  0.26153401938421778  0.26777599484397074  0.27436863527657956  0.28130679656043633
  0.28793891539002459  0.29424964898090872  0.30074438989464319  0.30742220874489357
  0.31453607284097818  0.32215467597046654  0.32993018974172650  0.33755733859137749
  0.34515104572972888  0.35247626908774193  0.35974269679068932  0.36719825907001402
  0.37489369020925911  0.38241235055136930  0.38982671990616874  0.39726187179134725
  0.40463140563176359  0.41219338406731615  0.41979042993753907  0.42733620153684537
  0.43496311811595501  0.44279383562253100  0.45121575830030419  0.45946876212046972
  0.46755477776317417  0.47584305773375074  0.48454803071002323  0.49353003331837625
  0.50250223374777980  0.51103467975010697  0.51960269246612245  0.52846575941134322
  0.53747664147794894  0.54645692248716271  0.55546195326884407  0.56516901268794140
  0.57538480233709643  0.58556912110932258  0.59584354690290542  0.60664337530543144
  0.61831168263674452  0.63063696934530211  0.64319594647330347  0.65598235122684334
  0.66902891149281318  0.68219927655806856  0.69529901274617256  0.70886670338983437
  0.72379100658694118  0.74013443514124422  0.75995335578484402  0.78351040201645794
  0.80942046231867826  0.84051257359751874  0.88594877492046731  1.00000000000000000
 -0.01959922667778160  0.11388789950499181  0.15054455930093485  0.17509801770157493
  0.19396377625948380  0.20992376775630447  0.22442773162581509  0.23622817054617101
  0.24700477642773544  0.25679378017414967  0.26676772781475283  0.27698456386767323
  0.28659041137755326  0.29508833221470704  0.30303405311455528  0.31074012234292231
  0.31828242850511185  0.32567655364843862  0.33283361820060137  0.33967824254611673
  0.34647928841408471  0.35329194891570187  0.36009780536620983  0.36699585898112103
  0.37345558434836146  0.37983030464893608  0.38583724726779434  0.39172343686381444
  0.39748439534464974  0.40289797730406990  0.40852743375865236  0.41438216091910646
  0.41956066584756235  0.42469406140501026  0.42969525250708845  0.43445345059115120
  0.43904515817247014  0.44347515403601240  0.44786320384666112  0.45225936917734055
  0.45672461645025259  0.46134154365636393  0.46603116264885852  0.47067167985904346
  0.47519392056849347  0.47964418116066060  0.48449720622604830  0.48926431216861049
  0.49431593755135639  0.49964820587803632  0.50513773037665743  0.51067046601612698
  0.51600675838180010  0.52123161508487448  0.52666680670374522  0.53241408011871127
  0.53822876544821319  0.54396232146380463  0.54913392027227292  0.55427306021274225
  0.55953690510911669  0.56483778803858831  0.57008438192774935  0.57525259114524130
  0.58047387948196583  0.58575851830007220  0.59116821797788821  0.59671740480130475
  0.60244185691256769  0.60865408094657392  0.61529283474469509  0.62176134975909869
  0.62809723156047648  0.63435230360214578  0.64062839105751945  0.64699079080947919
  0.65346999225899682  0.66004486665898954  0.66681025929394588  0.67400848805668312
  0.68162823497242009  0.68965490455163603  0.69806883807804776  0.70650234976145454
  0.71506519557473480  0.72362126335420052  0.73294594880982622  0.74337105895395306
  0.75493492551013452  0.76799030734216489  0.78345312847291126  0.80088052454729097
  0.82030163034377479  0.84530254830872154  0.88552791296611655  1.00000000000000000
   3.8606046656768317E-004  -1.0000000000000000     
 F F F F F F F F F F F F F F F F F F F F F F F F F F F F F F F F
  <DiscreteSampler_grid>
  grouped_processes
  1 # 1 for a reference and 2 for a running grid.
  10 # Attribute 'min_bin_probing_points' of the grid.
  1 # Attribute 'grid_mode' of the grid. 1=='default',2=='initialization'
  0.0000000000000000 # Attribute 'small_contrib_threshold' of the grid.
  0.5000000000000000 # Attribute 'damping_power' of the grid.
 # binID   n_entries weight   weight_sqr   abs_weight
    10   10   1.595019810444892E+007   2.926099049572588E+014   1.595019810444892E+007
  </DiscreteSampler_grid>
