 -0.00081325631791159  0.01998896275020211  0.03601769128966879  0.04940617230873310
  0.06144839106832401  0.07451098608493799  0.08820890404111843  0.10129884943197057
  0.11392424488307466  0.12588399394509842  0.13721218869011195  0.14884977797616661
  0.16056638828480907  0.17190688278583874  0.18347594259476893  0.19509090259884559
  0.20526637083325217  0.21401815328046331  0.22207145064111766  0.23071746267354667
  0.23943562277361413  0.24809268652546584  0.25672455131071792  0.26515711169205519
  0.27376099660620934  0.28233226443185305  0.29116978948174882  0.29986863039409600
  0.30846673037092581  0.31690586362795453  0.32597081199585543  0.33525196527382678
  0.34463661995170519  0.35329473894185948  0.36107355836036303  0.36813705666354413
  0.37526640693108754  0.38259127266521903  0.38994235452015735  0.39740603142291919
  0.40471237151568895  0.41180128343621875  0.41921866282399900  0.42686895181212664
  0.43478894270242746  0.44243665180295794  0.44984967555307120  0.45674930998678087
  0.46366408108222817  0.47158646084818268  0.47965594547044738  0.48765943908660314
  0.49581834116183193  0.50410407331547158  0.51233158739154971  0.52074334459108707
  0.52945041188082265  0.53777189509630186  0.54591056763286494  0.55391625861969074
  0.56199202802077497  0.57050645178635262  0.57950844084506281  0.58840756852386733
  0.59711499077699126  0.60606180873982118  0.61525809551974042  0.62501758619858239
  0.63460427625627225  0.64369935316202054  0.65216882598471215  0.66067680861913902
  0.66919510603069798  0.67755597523470334  0.68613150905816722  0.69597310847839522
  0.70593283361874914  0.71623529949199793  0.72734508581001867  0.73876339040804384
  0.75010741645439782  0.76141609446877978  0.77288157396698021  0.78469344801385232
  0.79705625132858182  0.81023818810779169  0.82406129908999015  0.83758364819787967
  0.85166640623415690  0.86613928689063857  0.88209423476998283  0.90024074863565651
  0.92012340912118884  0.94170371008965870  0.96677744054205361  1.00000000000000000
 -0.00235914760197960  0.00900995146789625  0.01913867319583528  0.02938548382322832
  0.03961396217953403  0.04956603184233282  0.05977045276043499  0.07106063505303718
  0.08219111659963989  0.09281022802829526  0.10351363799279276  0.11504752318563642
  0.12713540435315585  0.13825169815120575  0.14866968355127996  0.15914221692080951
  0.17030609523326715  0.18114790673327624  0.19220587320532992  0.20208039382291668
  0.21153403882301930  0.22037822621623346  0.22976587385469699  0.23965831971467633
  0.24889237082989543  0.25721201816047762  0.26519774300134547  0.27409780570887526
  0.28395950727181463  0.29448661685684269  0.30499866791840480  0.31494982027272928
  0.32685210022394912  0.33852652949766920  0.34963909423101353  0.36060176038019992
  0.37155085641127256  0.38265176133823298  0.39391566170235814  0.40499223670950057
  0.41586626984624026  0.42701206193981139  0.43840032022342917  0.44997089324156081
  0.46110803327079342  0.47167957049499443  0.48205351190464091  0.49201026298389539
  0.50214368311258151  0.51219086144836468  0.52286461005957807  0.53441732049007784
  0.54581917685294357  0.55702345235777773  0.56766025332725323  0.57881298743354392
  0.58970549544098927  0.60051147176104513  0.61087225901023012  0.62085855790088451
  0.63105208541263635  0.64179387020298406  0.65299892458519482  0.66461274074286736
  0.67572099719369805  0.68663812823995818  0.69688058747114989  0.70639379006003267
  0.71554605445764219  0.72460212839353721  0.73490209172040932  0.74556519091149787
  0.75590429335316833  0.76591405388893741  0.77519157200250766  0.78390660326232187
  0.79377906106580487  0.80381411478250986  0.81363159962681963  0.82338835898611462
  0.83419114341268374  0.84676233000527579  0.85942073993329737  0.87118028698339223
  0.88253971326632930  0.89406494103806833  0.90662633680589300  0.91925907523694106
  0.93067300952748799  0.94079590029303861  0.95013882435299246  0.95996909805981601
  0.97017145565319429  0.98048450533656351  0.99072654067479093  1.00000000000000000
  0.93739888764723878  0.93866482586117139  0.93923355778590267  0.93975280881227807
  0.94022133890493320  0.94067055742881911  0.94111986160300820  0.94154608988543431
  0.94200249533330371  0.94249393303715523  0.94305246261131470  0.94363932856010491
  0.94423231286322618  0.94481770849494651  0.94539817619317723  0.94594588861893036
  0.94648200596481169  0.94700198438693362  0.94752971083802695  0.94808271754695794
  0.94867216134332444  0.94927760395487415  0.94989372751382128  0.95045978104182138
  0.95096685102272116  0.95146362232471127  0.95199780550309743  0.95259150435815665
  0.95318228024374096  0.95373304928422953  0.95426575523201973  0.95480626145425296
  0.95534377112658697  0.95589915958583160  0.95645323750736588  0.95696132075406881
  0.95747211032158930  0.95794111791358660  0.95852296633275114  0.95919807800376600
  0.95998715256664668  0.96074798522312288  0.96137320580577335  0.96199270127951919
  0.96261327163497579  0.96327572166918340  0.96394570345391117  0.96466871695046374
  0.96538130680298562  0.96602478204671927  0.96663496123369985  0.96726304131937013
  0.96790053495577355  0.96853734421977589  0.96915236297015350  0.96975314387655231
  0.97036012516636061  0.97096832280885015  0.97159099883576971  0.97218872077008933
  0.97279514238528442  0.97338746276799104  0.97400768973677088  0.97461225756534531
  0.97520908683116769  0.97584168868404753  0.97650120610764990  0.97716734094758662
  0.97780393525616627  0.97846498258145709  0.97919250816392567  0.97998733389735582
  0.98074961214651157  0.98146741372612800  0.98220660295019191  0.98301131555997301
  0.98387272372364709  0.98471872380657821  0.98554801319423613  0.98634665680056921
  0.98709880290684160  0.98786700253873805  0.98862574866068320  0.98941085578387589
  0.99017065172337049  0.99094665634652157  0.99172833963773266  0.99250407185757084
  0.99327018138011802  0.99405949291244011  0.99488974164594979  0.99577131570924349
  0.99669292769800477  0.99765050067174876  0.99871844435784762  1.00000000000000000
 -0.01094568543722852  0.07788179277976544  0.11058224947385176  0.13020719543526466
  0.14791906214432060  0.16495113968224137  0.18272880554027485  0.19772004118388212
  0.21065679708761598  0.22177451389903211  0.23138041082340985  0.24131054007636618
  0.25089934156733695  0.26077030099995002  0.27073378318825431  0.28093781190325967
  0.29128115496811491  0.30134135072927432  0.31148465003938708  0.32222221678090984
  0.33329589890625827  0.34417059527954069  0.35463308371086349  0.36464644562511794
  0.37426500262745699  0.38383706584753430  0.39324469264396372  0.40216292545944771
  0.41083576339337285  0.42005237266977347  0.43034973336043369  0.44089810202681645
  0.45047375417227364  0.45944294757134413  0.46835469806583113  0.47722514994904885
  0.48602493584717954  0.49513265939155676  0.50475026180560079  0.51433983336915912
  0.52358733457743201  0.53296344100161863  0.54253917775442417  0.55188454693232658
  0.56043785584306294  0.56908832861077363  0.57780591889772992  0.58684199142166427
  0.59580015511169926  0.60506327026890006  0.61393538023030436  0.62259879757135683
  0.63094710508301111  0.63911246513910214  0.64762032977181194  0.65636028320705031
  0.66558473711921806  0.67589745823761416  0.68625317597601221  0.69560781749407596
  0.70479154847937731  0.71386686468443483  0.72254713742943810  0.73050368279206257
  0.73767856194496328  0.74491180325976081  0.75238454936334875  0.76002996725356198
  0.76756392946068497  0.77484714224669737  0.78194541500878145  0.78933229429532015
  0.79699782606091241  0.80458390076811825  0.81191231358222371  0.81934680529174464
  0.82703150315921081  0.83435074370745432  0.84163624710370188  0.84904471883107713
  0.85646072056319122  0.86393220820970240  0.87099552487633591  0.87757579807239416
  0.88393943543743458  0.89022548330673013  0.89655752277117717  0.90299751752966539
  0.90961319487739856  0.91669903902145500  0.92437960663622798  0.93239581040013975
  0.94135258653038956  0.95194928433157189  0.96826158315625566  1.00000000000000000
   1.3233547872386651E-029  -1.0000000000000000     
 F F F F F F F F F F F F F F F F F F F F F F F F F F F F F F F F
  <DiscreteSampler_grid>
  grouped_processes
  1 # 1 for a reference and 2 for a running grid.
  10 # Attribute 'min_bin_probing_points' of the grid.
  1 # Attribute 'grid_mode' of the grid. 1=='default',2=='initialization'
  0.0000000000000000 # Attribute 'small_contrib_threshold' of the grid.
  0.5000000000000000 # Attribute 'damping_power' of the grid.
 # binID   n_entries weight   weight_sqr   abs_weight
    10   10   2.271916352067055E-023   1.115600025642515E-045   2.271916352067055E-023
    11   10   2.271916352067055E-023   1.115600025642515E-045   2.271916352067055E-023
  </DiscreteSampler_grid>
