  0.00000002083389513  0.00000002116343494  0.00000002143659771  0.00000002171533141
  0.00000002199144155  0.00000002278266772  0.00000002363817530  0.00000002446872864
  0.00000002530981882  0.00000002618573718  0.00000002708456912  0.00000002799514695
  0.00000002902916695  0.00000003017488341  0.00000003141418581  0.00000003269424200
  0.00000003400823173  0.00000003536181163  0.00000003673222789  0.00000003821636234
  0.00000004005213904  0.00000004192622981  0.00000004385053227  0.00000004581838847
  0.00000004779454862  0.00000004995042750  0.00000005237724859  0.00000005499284206
  0.00000005768402700  0.00000006041727422  0.00000006318802080  0.00000006617908751
  0.00000006972582692  0.00000007336072557  0.00000007712565414  0.00000008103942092
  0.00000008490300085  0.00000008928459285  0.00000009417199302  0.00000009913440827
  0.00000010433188213  0.00000010987262879  0.00000011560348620  0.00000012258117400
  0.00000012961647090  0.00000013682773536  0.00000014413467353  0.00000015249712020
  0.00000016179212289  0.00000017168841796  0.00000018193796416  0.00000019237823080
  0.00000020423542886  0.00000021742042932  0.00000023114222666  0.00000024483628390
  0.00000025984364001  0.00000027630766249  0.00000029345927148  0.00000031077198496
  0.00000032819402667  0.00000034640616682  0.00000036668372254  0.00000038877047193
  0.00000041187220385  0.00000043492237048  0.00000046201756233  0.00000049144116658
  0.00000052283434559  0.00000055515832155  0.00000058989690838  0.00000063099494276
  0.00000067599664685  0.00000072109999510  0.00000077167931948  0.00000083952481011
  0.00000091524930273  0.00000098839071501  0.00000106610303681  0.00000116531002441
  0.00000126365815099  0.00000136227351864  0.00000146975487057  0.00000158759356477
  0.00000171377344072  0.00000184950521218  0.00000200383359594  0.00000216242966544
  0.00000233143416799  0.00000254783538631  0.00000279664790560  0.00000308538875255
  0.00000351149744443  0.00000411743274793  0.00016406119789652  1.00000000000000000
 -0.00166263982652509  0.01009643241635016  0.02026297048535467  0.03056072202384216
  0.04102564808166517  0.05136725672373110  0.06156780956757604  0.07149523811108772
  0.08121751577714942  0.09142867280306427  0.10173555362686597  0.11220349893907308
  0.12272578630528494  0.13343412455096795  0.14411430512875442  0.15451327974055235
  0.16486587359531760  0.17519921508317959  0.18547025663587746  0.19575708663550023
  0.20592550075156527  0.21621058370977614  0.22652869735762171  0.23748141004056109
  0.24849571999780706  0.25974963179319999  0.27075559391140208  0.28161969207815613
  0.29234420187582055  0.30313694259610813  0.31394714404236451  0.32503073436782248
  0.33610807799209863  0.34708181762899737  0.35785743400646297  0.36849599345713963
  0.37898137515792008  0.38944144160894995  0.39986993228044460  0.41020827351288397
  0.42045338216494771  0.43086990961999094  0.44132623894714473  0.45173879753392104
  0.46205377170614603  0.47270104556395387  0.48349437773067727  0.49414551322797340
  0.50431049737152867  0.51424947437287749  0.52450830880132360  0.53489774609915497
  0.54526526819643972  0.55575587837637708  0.56614218293089547  0.57683675640572207
  0.58708146651153414  0.59773349215451121  0.60818790207095019  0.61859445777687538
  0.62897907233723616  0.63944977442311512  0.65010828047550251  0.66067595362458043
  0.67121939098718386  0.68183646264168174  0.69259479411852176  0.70342256583698637
  0.71406402753384013  0.72455674698078065  0.73484598613457486  0.74512536795506989
  0.75512169952125163  0.76515783168853202  0.77539810334613646  0.78614652011453545
  0.79731450506283807  0.80855328490960898  0.81981747503361679  0.83068494931650405
  0.84109712106578149  0.85162225344688036  0.86250847810923004  0.87369580987922679
  0.88467134020135352  0.89527924704186457  0.90601078102272092  0.91677309605430968
  0.92761059584736349  0.93842001911477435  0.94905617954531596  0.95958460105324817
  0.96972126699865113  0.97988446425109987  0.98991742816046224  1.00000000000000000
  0.93761681441341982  0.93911505066595746  0.94006572073051164  0.94108591818660425
  0.94207849937422627  0.94307486110813421  0.94406493542186265  0.94501049737746567
  0.94592735015136864  0.94684931583304077  0.94778947351891252  0.94873761659059197
  0.94967369971646931  0.95058374672452728  0.95147138786075280  0.95234197415773369
  0.95322021954147707  0.95410764315283536  0.95496371464728136  0.95579491327664923
  0.95661978930565583  0.95744433621745773  0.95825049176175137  0.95902613871683151
  0.95978845662203527  0.96055210726071594  0.96131280253830820  0.96207182077684483
  0.96281621938159256  0.96355270167600093  0.96428345331955267  0.96502237573804461
  0.96575034756088896  0.96647012569081958  0.96717741623814457  0.96787816459120768
  0.96856842322884329  0.96925479392020719  0.96993188733056290  0.97060754756856660
  0.97127293500209289  0.97193535336450809  0.97258588660922696  0.97322580107509249
  0.97384790559060308  0.97447322722182927  0.97510868206595380  0.97574877811822158
  0.97637604355115459  0.97698940392056755  0.97759784423387319  0.97820769144900566
  0.97880579537265411  0.97938833430317129  0.97994953965956866  0.98051734632887766
  0.98107228323536477  0.98161930989674073  0.98216024567552906  0.98270483564492506
  0.98324518509857484  0.98377765782665638  0.98430516936429069  0.98482661986768660
  0.98534125981076426  0.98585036054998554  0.98635889900829610  0.98687135931057801
  0.98738486201921627  0.98789859170268479  0.98840625752910816  0.98891340626465929
  0.98941885340726365  0.98991583733945643  0.99040601190539868  0.99088845813902693
  0.99137035110259275  0.99184237360662642  0.99231336713509177  0.99278058019964377
  0.99324256529751764  0.99370156399975351  0.99415871879171558  0.99461790014534002
  0.99508232504822325  0.99555156591620642  0.99600542855025864  0.99644070355574121
  0.99686187027239204  0.99728669934993752  0.99771844499162288  0.99815702861069533
  0.99860182146890930  0.99905312267020285  0.99952246812543155  1.00000000000000000
 -0.01223451493880006  0.07650991802782066  0.11304337541585996  0.13499337416899951
  0.15294218665442075  0.16877468622220804  0.18325458311480228  0.19681262572700103
  0.20966575085204825  0.22180771603492169  0.23340039429215820  0.24459780699986022
  0.25540620810190257  0.26612151705938181  0.27664156621376867  0.28712884570230346
  0.29750517250169434  0.30785148749651148  0.31816875801505790  0.32854550024671431
  0.33883841415349691  0.34889010088281486  0.35856499943285569  0.36812553791918295
  0.37769704438123758  0.38705818221620092  0.39639532046490572  0.40520690215672384
  0.41411116206603066  0.42275479146754297  0.43153950368098309  0.44027559001143607
  0.44891718661032937  0.45756222688795567  0.46639045072530294  0.47548821169932326
  0.48483211473224141  0.49406714993306378  0.50323922762363205  0.51221108695309325
  0.52114882370173821  0.53012756757193213  0.53932812915300821  0.54880225942898730
  0.55837306618591398  0.56780880751550877  0.57683444030415831  0.58547673415701307
  0.59397712899698984  0.60256549694406436  0.61135351562252704  0.62016389738309996
  0.62899965327555840  0.63791055545630826  0.64681202423093120  0.65568496177182056
  0.66443787082888761  0.67314007202944015  0.68173540810348310  0.69039343430881761
  0.69916119987749248  0.70796189868042758  0.71673105907318624  0.72536741891174650
  0.73383208515892318  0.74211342028168259  0.75022504959692549  0.75827040074521579
  0.76621539787123882  0.77416346579420703  0.78177883982342256  0.78931379993990658
  0.79676428424504697  0.80431913231336183  0.81171222388814734  0.81899168982650927
  0.82611068310173419  0.83310745356246452  0.83995739031316252  0.84673942635998711
  0.85346203257503306  0.86019124783622924  0.86686388706899042  0.87343989323106963
  0.87997812484857907  0.88634816335133237  0.89282243204112044  0.89957896782310232
  0.90684617339231843  0.91433024609000924  0.92218977095198529  0.93056742978319396
  0.94014732284387448  0.95202619959043866  0.96934612039366830  1.00000000000000000
   1641.6747432603979       -1.0000000000000000     
 F F F F F F F F F F F F F F F F F F F F F F F F F F F F F F F F
  <DiscreteSampler_grid>
  grouped_processes
  1 # 1 for a reference and 2 for a running grid.
  10 # Attribute 'min_bin_probing_points' of the grid.
  1 # Attribute 'grid_mode' of the grid. 1=='default',2=='initialization'
  0.0000000000000000 # Attribute 'small_contrib_threshold' of the grid.
  0.5000000000000000 # Attribute 'damping_power' of the grid.
 # binID   n_entries weight   weight_sqr   abs_weight
    10   10   1.566190806463297E+010   8.200841910469214E+020   1.566190806463297E+010
    11   10   1.566190806463297E+010   8.200841910469214E+020   1.566190806463297E+010
  </DiscreteSampler_grid>
