  0.00000002109450501  0.00000002140762495  0.00000002164938237  0.00000002195860406
  0.00000002252030778  0.00000002333386895  0.00000002422090431  0.00000002508885783
  0.00000002600122596  0.00000002695685336  0.00000002792822716  0.00000002905181480
  0.00000003027040367  0.00000003156282606  0.00000003291932090  0.00000003432199328
  0.00000003575458575  0.00000003727234620  0.00000003893118871  0.00000004087006515
  0.00000004288386826  0.00000004494080689  0.00000004706473862  0.00000004934192695
  0.00000005190646276  0.00000005472753066  0.00000005764916007  0.00000006060945746
  0.00000006355534280  0.00000006694146888  0.00000007066493998  0.00000007461026202
  0.00000007866612088  0.00000008277314611  0.00000008735925549  0.00000009252662806
  0.00000009799209495  0.00000010360262324  0.00000010936732618  0.00000011554980957
  0.00000012268879644  0.00000013036469410  0.00000013819980504  0.00000014611024832
  0.00000015555074662  0.00000016574349109  0.00000017646490776  0.00000018752696215
  0.00000019974350101  0.00000021335310925  0.00000022762271166  0.00000024200367435
  0.00000025686102377  0.00000027439122815  0.00000029355564770  0.00000031321447017
  0.00000033294011199  0.00000035560733575  0.00000038126323348  0.00000040796552992
  0.00000043531836839  0.00000046401492456  0.00000049482288501  0.00000052695938965
  0.00000056138488479  0.00000060177156686  0.00000064711517082  0.00000069715829067
  0.00000074775918284  0.00000080687793403  0.00000087468459289  0.00000094679217539
  0.00000102168400139  0.00000110123221503  0.00000118445257474  0.00000126805769094
  0.00000136448311162  0.00000148818953484  0.00000163095831896  0.00000178139219974
  0.00000195028655099  0.00000216480252677  0.00000238431735731  0.00000266242542493
  0.00000292441755034  0.00000322539735122  0.00000367180915505  0.00000407665776215
  0.00000460082032265  0.00000529203282804  0.00000640709874092  0.00000787011950891
  0.00000970572872578  0.00001119561736819  0.00249758361532143  1.00000000000000000
 -0.00244909057251992  0.00924648186825786  0.01931644061108213  0.03001028174131950
  0.04072548086178888  0.05116953048022495  0.06163865785265522  0.07186330735485158
  0.08185904507354318  0.09199345818120998  0.10242107008934480  0.11326219298078211
  0.12388484214533660  0.13470059507299900  0.14560205410019555  0.15635073020397741
  0.16704960138703673  0.17802846131756944  0.18898821019052381  0.19973126188549434
  0.21015223112974502  0.22046934924408501  0.23108975225270711  0.24179633948120169
  0.25260555096915666  0.26327530033121871  0.27403698221898709  0.28479175553194380
  0.29549603615324732  0.30639017859975010  0.31734209992685208  0.32815626907118606
  0.33861752614855806  0.34877896530083657  0.35895091441443122  0.36912431583388233
  0.37956058870148940  0.39001035137018830  0.40057826382654088  0.41101100936000917
  0.42129594698509815  0.43161598949931784  0.44201508004134887  0.45253575080671332
  0.46309045513946795  0.47351128016131838  0.48383408356608432  0.49412511636960327
  0.50485971597203416  0.51600124719814378  0.52716936064517650  0.53832316716277795
  0.54952687190958982  0.56053193672808344  0.57118977864155174  0.58168965830532871
  0.59239397319865450  0.60326188761698862  0.61429108154441203  0.62519169191895307
  0.63596973669622259  0.64665253015136870  0.65713699931787173  0.66752646211870648
  0.67778837270374537  0.68813581197165719  0.69878988922581364  0.70949612463183720
  0.72028208630890156  0.73089743121701012  0.74140819661272628  0.75185611651538120
  0.76226472046745464  0.77275478974608713  0.78310816239861480  0.79360768915159463
  0.80412663272796203  0.81470516815874183  0.82489403459873589  0.83507131125731482
  0.84528828336039008  0.85579448633241084  0.86632060484134665  0.87716508323062181
  0.88796111148066259  0.89870565473289854  0.90919960667414890  0.91977779548634775
  0.92992658501549896  0.93997304376645407  0.95006528327142425  0.96056146407356713
  0.97072646578217725  0.98057535876071678  0.99020384509502157  1.00000000000000000
  0.93764510786603850  0.93917866222037438  0.94015914608469697  0.94118158487415604
  0.94220550189549690  0.94320013306499884  0.94416272088573761  0.94512770383987998
  0.94610976876082109  0.94708964896578329  0.94804312453620609  0.94896520653624539
  0.94986141192346485  0.95075483623533341  0.95164762616983212  0.95252413058527563
  0.95338407682587301  0.95425238819452041  0.95511166485188237  0.95597416785989453
  0.95682241398591594  0.95765373129507103  0.95845840558801587  0.95923634651196710
  0.96001378828969841  0.96080001503191836  0.96158016313979533  0.96235006668443457
  0.96310701744952854  0.96385999752882079  0.96459835182312470  0.96533352824547203
  0.96604564241675639  0.96674499262453195  0.96743830325242197  0.96813045231827433
  0.96881714862496315  0.96949426950281214  0.97016982912140171  0.97084205745743135
  0.97150616733125206  0.97216171200245538  0.97280776240459477  0.97345182670685704
  0.97409217727837516  0.97472587491070206  0.97535241690059360  0.97596519862859865
  0.97656549740117071  0.97715837820945772  0.97775190228590125  0.97835214581966989
  0.97894692527929550  0.97952049498953131  0.98007362069164572  0.98061943393233453
  0.98115891351440587  0.98169821926414469  0.98223560147846278  0.98277559056125352
  0.98332193035226101  0.98387867939325491  0.98442839004939675  0.98496247425476902
  0.98547756720939061  0.98598842448424329  0.98650140186711399  0.98701131848412571
  0.98752316107015858  0.98803967578183316  0.98855844106609048  0.98907870641046836
  0.98958899886543372  0.99008086581470522  0.99055890237086686  0.99102975666134352
  0.99149482638430741  0.99196365264140829  0.99242961033798116  0.99290177379192968
  0.99337550039682465  0.99384619789547479  0.99431018860063458  0.99476071841945590
  0.99519842283484017  0.99563080747947030  0.99606113282231346  0.99649618698772591
  0.99693255331689501  0.99736961343256381  0.99780429881977484  0.99823337180051230
  0.99866039808805784  0.99909478958981102  0.99954300020884101  1.00000000000000000
 -0.01176154581931741  0.07609543704932627  0.11224687631536807  0.13501506703167065
  0.15299979215920945  0.16901442273135009  0.18375508674155824  0.19759465013663488
  0.21043395808826507  0.22254299469340436  0.23415888545668448  0.24543509733582661
  0.25649517336284738  0.26741611396349485  0.27821868768687674  0.28893066905021225
  0.29959493831432571  0.31024324202875503  0.32073355019339134  0.33116976262183700
  0.34155233921101491  0.35180327334184652  0.36170876620900982  0.37132764688918890
  0.38082313118027772  0.39030668663314816  0.39965807686033972  0.40898148956247532
  0.41828735310072296  0.42746937459326628  0.43660831358874158  0.44579796304395752
  0.45510190671079159  0.46442846389509640  0.47379123159605258  0.48316229065404004
  0.49237558552955735  0.50131812340748361  0.51003110496311821  0.51874565258292804
  0.52760078357812812  0.53648052532656276  0.54517943472986219  0.55367284420791418
  0.56213803155521647  0.57081843268418297  0.57976484513542270  0.58875524213808994
  0.59772194458738603  0.60666918771533085  0.61557912245465785  0.62448743136585372
  0.63321555543358066  0.64215509353380518  0.65115487886361845  0.66007719211833982
  0.66870555587531699  0.67713934112237395  0.68565855189077241  0.69439795920604597
  0.70336955127535816  0.71229251500541679  0.72120358872154877  0.72974692158948684
  0.73821112818822010  0.74646036262796378  0.75455110654080437  0.76251961088119646
  0.77051929176842415  0.77824721606368397  0.78598976818035204  0.79354022982281369
  0.80090922729048775  0.80814195181990922  0.81527596509031863  0.82229961570584931
  0.82912386589359055  0.83575483493659175  0.84230642303791836  0.84884785352595293
  0.85546449703864058  0.86203964558235158  0.86843414441001676  0.87481513632488195
  0.88122193873048804  0.88768626397846040  0.89423562705689386  0.90087128639822533
  0.90768030148501277  0.91471582128214590  0.92229456102715468  0.93052093021335125
  0.93972002659746312  0.95095976862329235  0.96806166050205789  1.00000000000000000
   1675.2045935433812       -1.0000000000000000     
 F F F F F F F F F F F F F F F F F F F F F F F F F F F F F F F F
  <DiscreteSampler_grid>
  grouped_processes
  1 # 1 for a reference and 2 for a running grid.
  10 # Attribute 'min_bin_probing_points' of the grid.
  1 # Attribute 'grid_mode' of the grid. 1=='default',2=='initialization'
  0.0000000000000000 # Attribute 'small_contrib_threshold' of the grid.
  0.5000000000000000 # Attribute 'damping_power' of the grid.
 # binID   n_entries weight   weight_sqr   abs_weight
    10   10   7.070517508215708E+009   1.299971309405525E+020   7.070517508215708E+009
    11   10   7.070517508215708E+009   1.299971309405525E+020   7.070517508215708E+009
  </DiscreteSampler_grid>
