  0.00000637745543870  0.00000749550845158  0.00001198015727545  0.00001654825459513
  0.00002092192075925  0.00002528465741725  0.00002971827822819  0.00003403729225898
  0.00003822010616908  0.00004248202674010  0.00004681479123762  0.00005119237022735
  0.00005559750127576  0.00006010221193576  0.00006467614345618  0.00006931715507012
  0.00007403263549384  0.00007881968525406  0.00008368152588775  0.00008864803724350
  0.00009379879042990  0.00009887927975260  0.00010400189189918  0.00010921686235349
  0.00011451826741388  0.00011988599867045  0.00012533755381272  0.00013092353779592
  0.00013662679453637  0.00014234076557296  0.00014816717579051  0.00015407013384380
  0.00016016870022965  0.00016615779567649  0.00017243328040276  0.00017890194397016
  0.00018558134523072  0.00019273109245809  0.00020015714637628  0.00020791408170814
  0.00021588021336503  0.00022408675896810  0.00023267765852878  0.00024170197398505
  0.00025098788032518  0.00026092734029992  0.00027127446230099  0.00028187158957453
  0.00029314389155076  0.00030451843060143  0.00031641620835828  0.00032892224665802
  0.00034199369674984  0.00035598877910410  0.00037049644368257  0.00038552302988295
  0.00040151676319107  0.00041829216282573  0.00043583882345572  0.00045435805770516
  0.00047305463206918  0.00049434620750521  0.00051538185107143  0.00053854381855994
  0.00056255595714701  0.00058796264017585  0.00061511137811767  0.00064422654889682
  0.00067637751097136  0.00071130184075763  0.00074891560803079  0.00078932261518288
  0.00083353226778315  0.00088131119898752  0.00093365366382436  0.00099181952329392
  0.00105810084909370  0.00112975634382427  0.00120854145199108  0.00129633835025082
  0.00139457200394071  0.00150233959558125  0.00162072071932895  0.00175895441735108
  0.00192042259804869  0.00209966694219612  0.00230029236130957  0.00255462589439770
  0.00288013431575895  0.00328255336185048  0.00384278041376778  0.00468304978125336
  0.00603108600804347  0.00832865412570087  0.21681507201020589  1.00000000000000000
 -0.00223676275767476  0.01153274472647038  0.02218577111374977  0.03315112556324406
  0.04381223995178199  0.05401893663729805  0.06418998578089428  0.07430758083931097
  0.08437205181170479  0.09462123178380688  0.10510882648315253  0.11535487117047713
  0.12555333149692005  0.13587076231426456  0.14625872275817306  0.15663091364351409
  0.16687910290372521  0.17704527456488597  0.18744878422598155  0.19782363724959071
  0.20839747922025942  0.21891673004426460  0.22982878979848070  0.24093253096927886
  0.25175369990122271  0.26282797380195760  0.27355922880922329  0.28390008688284735
  0.29420732052124515  0.30480909466702305  0.31531363543315333  0.32558158303033680
  0.33579873734249754  0.34601752959429916  0.35635548543966922  0.36668096527999366
  0.37672438109570533  0.38711014358645812  0.39766971861037187  0.40897425668607307
  0.41956415397418423  0.43004274797798897  0.44047227348348189  0.45161241946672032
  0.46278928708352868  0.47428983350803544  0.48540917128086147  0.49621189261787352
  0.50670803105236983  0.51716408862119523  0.52785766548331059  0.53861400004898796
  0.54932666899722993  0.56001443743364765  0.57078053637911141  0.58162639626266999
  0.59223142615601254  0.60303013931056493  0.61376499586904854  0.62444992241931796
  0.63493605123375574  0.64542529673807880  0.65577565551103445  0.66590892318531469
  0.67611401541241389  0.68635191135850626  0.69678766628494471  0.70733089544297367
  0.71773501258697725  0.72788788389261538  0.73833652228984170  0.74895137399438894
  0.75918497351267722  0.76914556767210851  0.77881910299388668  0.78878425608143099
  0.79868069736156277  0.80863442708431132  0.81863054441090199  0.82864812252895215
  0.83875588959594571  0.84898374290834089  0.85962355898656628  0.87011365101992566
  0.88056594901979290  0.89096310544251955  0.90178230062993692  0.91291186866999274
  0.92362868330332581  0.93426959166543022  0.94511636137088306  0.95601226248019622
  0.96677175931173032  0.97736109155558692  0.98872428828023118  1.00000000000000000
 -0.00422865740448693  0.02543222692545182  0.04605772630284823  0.06331989228767507
  0.07869851828439098  0.09308842918686196  0.10674184318124667  0.11959128150743333
  0.13215385712001979  0.14458619212565627  0.15639333707060721  0.16753090639171009
  0.17820902088393120  0.18878111166428435  0.19934655678894364  0.20953742167447403
  0.21948040160351551  0.22922046453158973  0.23891912877144247  0.24851984425987450
  0.25796896266834907  0.26721189064308104  0.27675644887266238  0.28621235221500047
  0.29552507521098104  0.30462270944569059  0.31367793731942906  0.32264999586742754
  0.33152414080994913  0.33998561238934749  0.34824034659596048  0.35640412941207400
  0.36446272810770802  0.37238026040190664  0.38027992029236540  0.38823898768879744
  0.39629266615993314  0.40443040210417303  0.41248378705610772  0.42033738137371246
  0.42802388020314464  0.43556326836634696  0.44320192845186229  0.45087927274514822
  0.45862045294426657  0.46653097026170515  0.47451560090505346  0.48226396250259373
  0.48984408609574798  0.49738568931344113  0.50489380498969583  0.51250723078741567
  0.52009093102101978  0.52749439103360640  0.53483395583180915  0.54225611882350999
  0.54979627993293601  0.55734100071938697  0.56475187114241499  0.57213341938957540
  0.57972449531466463  0.58749072128749880  0.59531444911243492  0.60326621854336315
  0.61126453667466296  0.61937221418339772  0.62747732240834653  0.63569349644135664
  0.64409708620420836  0.65259575434241068  0.66117394971876975  0.66991123573161415
  0.67877981698260947  0.68780557387928121  0.69690035746948020  0.70593177316975630
  0.71510043986015093  0.72419174287279009  0.73349278213047298  0.74302562158375063
  0.75279677968432601  0.76286567230296809  0.77311380793686235  0.78374029911879672
  0.79439996658088607  0.80543613982880491  0.81704730860222541  0.82933341933994775
  0.84218110534506607  0.85538318848992134  0.86917133066860242  0.88453203969954874
  0.90187291024174399  0.92209236435257458  0.95016822514732802  1.00000000000000000
 -0.01930664826870775  0.11476250089315417  0.15352822282397427  0.17834518947007610
  0.19787288885867632  0.21413667525735605  0.22827854736499298  0.24073081610731253
  0.25268343761831175  0.26349488391584602  0.27363275965275036  0.28273170135173448
  0.29147419452881734  0.29991396399291531  0.30796734815053206  0.31570015827428655
  0.32301379669977309  0.33016252128367535  0.33720445808730815  0.34420878822435613
  0.35100212230128869  0.35758822063346107  0.36392218048646691  0.37015112632107894
  0.37618165218514815  0.38208851405507649  0.38791391876923537  0.39378480605687749
  0.39941818067682333  0.40501041490568895  0.41061689481508079  0.41621622498985356
  0.42180685565934062  0.42734525953704255  0.43278397286431741  0.43814431059806230
  0.44332991844429459  0.44852524534134902  0.45376089986929991  0.45901433034702122
  0.46417491664344618  0.46928634085801246  0.47435720513391716  0.47932675349663251
  0.48420901480421324  0.48907709299785423  0.49393930997320556  0.49874927818367765
  0.50343435502805889  0.50815374419999593  0.51292219193756083  0.51780269844474036
  0.52272164552843770  0.52763696366274604  0.53253907585823212  0.53743024445501097
  0.54240308511007673  0.54757435926282216  0.55273197950125841  0.55783041716492698
  0.56288492729233364  0.56803089585134847  0.57320206635039606  0.57837453309331732
  0.58367808688919798  0.58918664142600941  0.59487766479491888  0.60062980755089002
  0.60640312321141454  0.61225303362954264  0.61814572305392834  0.62408537569790090
  0.63024073906476397  0.63654600665103911  0.64292268143337694  0.64949093363851207
  0.65622423215270032  0.66304401510211419  0.67009225654090887  0.67746076140693268
  0.68466305226722557  0.69248786478018365  0.70058982799828717  0.70932748931037182
  0.71860802204924912  0.72822241804611587  0.73853925794382591  0.74926622881172766
  0.76100972311375747  0.77374024112003204  0.78819467191287129  0.80444726166396585
  0.82373196907882873  0.84829577826438685  0.88610675202673539  1.00000000000000000
   1.0898417626704500E-002  -1.0000000000000000     
 F F F F F F F F F F F F F F F F F F F F F F F F F F F F F F F F
  <DiscreteSampler_grid>
  grouped_processes
  1 # 1 for a reference and 2 for a running grid.
  10 # Attribute 'min_bin_probing_points' of the grid.
  1 # Attribute 'grid_mode' of the grid. 1=='default',2=='initialization'
  0.0000000000000000 # Attribute 'small_contrib_threshold' of the grid.
  0.5000000000000000 # Attribute 'damping_power' of the grid.
 # binID   n_entries weight   weight_sqr   abs_weight
    10   10   3.419619756608276E+008   2.604296027233842E+017   3.419619756608276E+008
    16   10   3.419619756608276E+008   2.604296027233842E+017   3.419619756608276E+008
  </DiscreteSampler_grid>
