  0.00000002072189777  0.00000002167453347  0.00000002314457648  0.00000002533919584
  0.00000002760955609  0.00000003002930505  0.00000003267032351  0.00000003541621727
  0.00000003830468937  0.00000004162528066  0.00000004508103168  0.00000004853253628
  0.00000005254786541  0.00000005685100868  0.00000006116354968  0.00000006575616479
  0.00000007073254744  0.00000007600117699  0.00000008136961989  0.00000008682240329
  0.00000009313959366  0.00000009963852073  0.00000010607992878  0.00000011279184946
  0.00000011998750207  0.00000012766995354  0.00000013555664428  0.00000014331717040
  0.00000015164986520  0.00000016080852404  0.00000017041084228  0.00000018026604674
  0.00000019010601397  0.00000020040597535  0.00000021246111067  0.00000022473423184
  0.00000023720135377  0.00000024979576885  0.00000026307934946  0.00000027790640897
  0.00000029343166546  0.00000030908495206  0.00000032453053944  0.00000034100879781
  0.00000035901053012  0.00000037864142541  0.00000039925294276  0.00000041976039476
  0.00000044062082015  0.00000046301309784  0.00000048808773526  0.00000051399614047
  0.00000053999076810  0.00000056651069181  0.00000059301688344  0.00000062245455068
  0.00000065534219653  0.00000068842161735  0.00000072288653151  0.00000075703746318
  0.00000079381693542  0.00000083295210880  0.00000087431879226  0.00000091765169610
  0.00000096252156005  0.00000100847448423  0.00000105485644007  0.00000111315027444
  0.00000116941237316  0.00000122496350672  0.00000128398744254  0.00000134907123385
  0.00000141983254377  0.00000149550220434  0.00000157567372678  0.00000165827139051
  0.00000174488120287  0.00000183493762145  0.00000192628083925  0.00000201836349773
  0.00000211337462208  0.00000221831518578  0.00000235261477613  0.00000252876901560
  0.00000271422658720  0.00000286797210901  0.00000301392392315  0.00000317332115557
  0.00000335868981603  0.00000358203137022  0.00000378973867312  0.00000400944521029
  0.00000423849742382  0.00000474152090940  0.00007979709268414  1.00000000000000000
 -0.00257949416267811  0.00978362788968012  0.02007132666253571  0.03082487310469327
  0.04138367291881796  0.05205359847811852  0.06277005787367877  0.07353365010555737
  0.08447745458606440  0.09533888978679138  0.10617440306028085  0.11713230396284795
  0.12801186689915911  0.13889081215612606  0.14966371947904439  0.16045120082592601
  0.17093836295025877  0.18107617202092777  0.19121201143429045  0.20149055273351804
  0.21188817187093009  0.22231895950457881  0.23259620136486525  0.24294530637974496
  0.25344405041211099  0.26420841805920497  0.27491950877269455  0.28558480687130433
  0.29619136891687359  0.30673422355108360  0.31716734723853257  0.32763313794794868
  0.33830977997515710  0.34902408259068279  0.35971872943144367  0.37037168002830251
  0.38085265547885944  0.39126419661490586  0.40153457381399554  0.41195430123737131
  0.42252849833113293  0.43298689758191961  0.44353088001507091  0.45373431310050261
  0.46426245832261109  0.47473818945509011  0.48536129744771417  0.49567346545843283
  0.50599399813841162  0.51622544973713358  0.52660008675748116  0.53684462212623152
  0.54744360784491874  0.55815271737953431  0.56876839047501937  0.57926516538847117
  0.58965619030853866  0.59999057973023839  0.60992178267966646  0.62003372388939004
  0.63019866583350836  0.64045968493480654  0.65087523714168871  0.66167637867437701
  0.67286409977137807  0.68406198074962621  0.69479084432715055  0.70550629443289725
  0.71606355323778503  0.72644526312044599  0.73661867516213819  0.74668469925791570
  0.75693777197825429  0.76726243245749814  0.77767799390735182  0.78825499913354335
  0.79892255535403023  0.80953492131916482  0.82026846865781389  0.83107415544753860
  0.84151539637446826  0.85197619478476505  0.86259578059300446  0.87358654839571848
  0.88457954257366023  0.89527166155726445  0.90588979360922939  0.91645488802779662
  0.92709351321084188  0.93786559234186095  0.94831580218890155  0.95886319515797214
  0.96932463226685872  0.97973954886978709  0.98997017027949497  1.00000000000000000
  0.93724586904821028  0.93907176439940376  0.93997174121262816  0.94089443087860192
  0.94179845153255271  0.94269466356489107  0.94358266689978287  0.94446353676705586
  0.94533863372373972  0.94621089268670688  0.94708259177556131  0.94795159194736689
  0.94882141464781089  0.94968338437399691  0.95052854233915363  0.95134895959941446
  0.95215468436922768  0.95294471256914182  0.95373143635109137  0.95451173465664996
  0.95528876619351366  0.95605663577398603  0.95682601603763318  0.95759280992200080
  0.95835114363712348  0.95909083259623107  0.95982201725310534  0.96054404065333976
  0.96126075472382488  0.96197442842866177  0.96268441947592476  0.96338902758609724
  0.96409020776773346  0.96478692238982589  0.96547208192510015  0.96615088939169491
  0.96682719053138166  0.96750045718104372  0.96816626589647059  0.96882642732360846
  0.96948993896288072  0.97015043112348764  0.97080625166655854  0.97145632761702927
  0.97210781161659765  0.97275451210911690  0.97339629197036159  0.97402863473537626
  0.97464945308587136  0.97526359689028075  0.97587497310033122  0.97649155703674162
  0.97710900886961993  0.97772035991198158  0.97832405422778856  0.97891977771814787
  0.97950241402202920  0.98007621322104810  0.98064946199365399  0.98121865583502021
  0.98178294005455347  0.98234700132553299  0.98291092569546745  0.98347305898614479
  0.98402845484796975  0.98457648494335270  0.98511639612722590  0.98566092529782900
  0.98619745801660308  0.98673286220273770  0.98726224347971347  0.98779321141291521
  0.98832936937199301  0.98886090719729880  0.98938711604934348  0.98990366512739747
  0.99041339443951781  0.99091974780898917  0.99142722048732901  0.99193651070916844
  0.99244352139689218  0.99294887722797942  0.99344661889994679  0.99393769278757160
  0.99442774497935948  0.99492019018168232  0.99540989468652530  0.99589694541219098
  0.99638169607297977  0.99686713433025220  0.99735852286413629  0.99785634236457110
  0.99835527772432064  0.99886658306904863  0.99940960145002555  1.00000000000000000
 -0.00658495143348856  0.03654382692920345  0.05669743107871579  0.07067402326937498
  0.08239820605661882  0.09292835945177867  0.10284285477522681  0.11226071070833385
  0.12143784029773994  0.13048744175211263  0.13940090029182128  0.14823310036327617
  0.15703817945212700  0.16590479190817986  0.17476431234018325  0.18347705716761900
  0.19209141877627572  0.20069792807031375  0.20935817495133699  0.21802633279445743
  0.22661819196296557  0.23524175821354404  0.24393682055231911  0.25273021755453839
  0.26153837597378282  0.27022454605924767  0.27883225358818620  0.28743635196169892
  0.29608106710249171  0.30478129832540679  0.31352491629872170  0.32238393271168309
  0.33151101025028951  0.34103213017707928  0.35049991209437248  0.35984398025991027
  0.36901314950474956  0.37840655306059212  0.38795426883249218  0.39728493757910871
  0.40642963950043115  0.41553534930020736  0.42492286300967269  0.43428710085670225
  0.44331742497507381  0.45198725584330862  0.46070777330019419  0.46945758499630086
  0.47829819277036212  0.48703159927935891  0.49570782166352234  0.50464386361183200
  0.51371677104139635  0.52276392234870428  0.53142534491680715  0.53991807867015418
  0.54827695699265944  0.55678906164933484  0.56532966443290356  0.57376481467000007
  0.58199965248297736  0.59005150908258530  0.59810147860672724  0.60623349747805233
  0.61439889817503301  0.62254949449091757  0.63058984603720147  0.63851041379452211
  0.64641908135809312  0.65436942661487896  0.66236412367016406  0.67036049281196752
  0.67842430994515390  0.68661145288013170  0.69484157388669943  0.70320563955814885
  0.71150182073707346  0.71999805087986812  0.72836341157382534  0.73688641709847336
  0.74554652525738663  0.75436047645384585  0.76331828645216981  0.77245666973011473
  0.78180495462349331  0.79138139480484182  0.80124381009632129  0.81149405240304850
  0.82228241576469596  0.83385546096349261  0.84646049379648514  0.86056661684895586
  0.87642254319078039  0.89730419842015319  0.92913305513719913  1.00000000000000000
   81289.656113681907       -1.0000000000000000     
 F F F F F F F F F F F F F F F F F F F F F F F F F F F F F F F F
  <DiscreteSampler_grid>
  grouped_processes
  1 # 1 for a reference and 2 for a running grid.
  10 # Attribute 'min_bin_probing_points' of the grid.
  1 # Attribute 'grid_mode' of the grid. 1=='default',2=='initialization'
  0.0000000000000000 # Attribute 'small_contrib_threshold' of the grid.
  0.5000000000000000 # Attribute 'damping_power' of the grid.
 # binID   n_entries weight   weight_sqr   abs_weight
    13   10   3.555715524880452E+010   3.488841262974683E+021   3.555715524880452E+010
    14   10   3.555715524880451E+010   3.488841262974678E+021   3.555715524880451E+010
    16   10   3.555715524880452E+010   3.488841262974682E+021   3.555715524880452E+010
    17   10   3.555715524880451E+010   3.488841262974678E+021   3.555715524880451E+010
  </DiscreteSampler_grid>
