  0.00000002066451937  0.00000002088988601  0.00000002105119740  0.00000002124413972
  0.00000002146696738  0.00000002168334050  0.00000002187294479  0.00000002221519199
  0.00000002271379685  0.00000002324020325  0.00000002373399194  0.00000002422446661
  0.00000002473125500  0.00000002526925006  0.00000002590710827  0.00000002662623202
  0.00000002738998520  0.00000002820344238  0.00000002909709210  0.00000003006099881
  0.00000003097323121  0.00000003188691803  0.00000003280540431  0.00000003374752925
  0.00000003476849111  0.00000003582950125  0.00000003689518183  0.00000003799136587
  0.00000003919559393  0.00000004054928685  0.00000004181678507  0.00000004308962458
  0.00000004462408542  0.00000004618523510  0.00000004789158400  0.00000004984753529
  0.00000005211317386  0.00000005466982483  0.00000005737471289  0.00000006014547223
  0.00000006301250327  0.00000006613977626  0.00000006949326265  0.00000007297181366
  0.00000007650306626  0.00000008028960347  0.00000008454444414  0.00000008932709086
  0.00000009463026730  0.00000010024395578  0.00000010582525862  0.00000011171157583
  0.00000011803065796  0.00000012523094286  0.00000013255931107  0.00000014016074501
  0.00000014836308831  0.00000015744783670  0.00000016731802643  0.00000017730544034
  0.00000018755623476  0.00000019847733859  0.00000021026834476  0.00000022322706135
  0.00000023766506793  0.00000025410009926  0.00000027236705507  0.00000029186529597
  0.00000031222253769  0.00000033549678680  0.00000036378047680  0.00000039545219570
  0.00000042706320907  0.00000046180005180  0.00000050397017196  0.00000054978223480
  0.00000059812985187  0.00000065182879912  0.00000071377088069  0.00000077974287273
  0.00000086393197927  0.00000096512480764  0.00000109165155021  0.00000124664020676
  0.00000144391220965  0.00000165103954450  0.00000186117268352  0.00000214248360980
  0.00000244615120749  0.00000290812734055  0.00000365234809814  0.00000454937841713
  0.00000635010371514  0.00001270155220622  0.00010565534162604  1.00000000000000000
 -0.00130255117388167  0.00701678033309838  0.01547131991876700  0.02438779372717955
  0.03483265851147618  0.04655950966664033  0.05772752913050584  0.06864026726896055
  0.07671408792564373  0.08519667988276455  0.09373626767925745  0.10267326755079542
  0.11285968699458515  0.12311084590232513  0.13345104363816965  0.14426818174250042
  0.15534144822153734  0.16660229803508919  0.17827328221119679  0.18991080058135612
  0.20106434072444931  0.21220764331779318  0.22232849950343700  0.23210663225421210
  0.24163315737081906  0.25116582826546069  0.26134582184910082  0.27164625508913032
  0.28158335557042041  0.29118579594157867  0.30057276324391718  0.31008910338470497
  0.31965008950630658  0.32887071820952718  0.33802767218783103  0.34682932173530762
  0.35563565409328601  0.36493857356021131  0.37480874933933461  0.38482739623726298
  0.39453786291669884  0.40416852004998749  0.41454208150682681  0.42541169621601954
  0.43652285743286628  0.44775525607876498  0.45898483781534916  0.47050167230967199
  0.48224083405974599  0.49380063409580971  0.50535462738816450  0.51693536358403580
  0.52799951784410959  0.53857648586109252  0.54901680161770561  0.55984010250338867
  0.57107633836431915  0.58222293271401970  0.59330427213126757  0.60390453649368625
  0.61451493275420510  0.62538245033717177  0.63715624096913792  0.64979285241737217
  0.66229386052768924  0.67388116385450025  0.68499282255390548  0.69636164299969239
  0.70798698149014083  0.71752381202621440  0.72676734433994106  0.73611829324529732
  0.74602769963304083  0.75737147472906607  0.76901585579057286  0.78107724569316728
  0.79330000403225653  0.80543243768705197  0.81779504168893902  0.82987579424428826
  0.84174622217359429  0.85343280182319758  0.86600926714757820  0.87816090697697191
  0.88979314622698513  0.90138325553495147  0.91242135933008162  0.92296722112315777
  0.93372034509465074  0.94497857520757056  0.95633797991140235  0.96602729388625508
  0.97390554023636822  0.98180253203988077  0.98957756883076575  1.00000000000000000
  0.93727195804558650  0.94084585033377510  0.94315117578543795  0.94540732931115434
  0.94757301212461620  0.94962375955807821  0.95157117398906932  0.95347003430466093
  0.95531388702149844  0.95712304105558710  0.95873941291512543  0.96005800592818047
  0.96133884899745170  0.96258814207938515  0.96382807545133187  0.96504024276944722
  0.96620167621916964  0.96732850007562809  0.96842620282852410  0.96948970318021999
  0.97052562181755675  0.97153005226805289  0.97251086096269845  0.97347264451323978
  0.97441266362045398  0.97533380189145980  0.97622293677204808  0.97707826434049261
  0.97790905650572091  0.97871704267784998  0.97946666146700945  0.98017878178768592
  0.98089685964262163  0.98160059980462910  0.98227444690602206  0.98291986110627982
  0.98354739165476479  0.98416551307827160  0.98476376338954330  0.98534948087260155
  0.98592049320562591  0.98647909499656639  0.98701294123259753  0.98753042346154385
  0.98804112638655617  0.98855638652958100  0.98906386480379094  0.98955028677196255
  0.99001179085354785  0.99045959016178220  0.99089829931601270  0.99133241128437755
  0.99176080919512044  0.99217448339806569  0.99257234630831392  0.99295413948503741
  0.99332622683706318  0.99368460093669642  0.99403281989653225  0.99436452230352879
  0.99468560143015261  0.99499536044240244  0.99529767702095995  0.99559957031551560
  0.99589361518247377  0.99617698495692530  0.99644701152125714  0.99670111238734571
  0.99694076520486108  0.99717114919091854  0.99738936369768838  0.99759306125534153
  0.99778704580564326  0.99797147122972885  0.99814716998638231  0.99831620088041628
  0.99847896135347336  0.99863276539981338  0.99877682103501408  0.99891712258489562
  0.99904203640650624  0.99915376334029604  0.99926284651000419  0.99936544499428315
  0.99945924581737644  0.99954672918011300  0.99962799157131366  0.99968094947845632
  0.99973463999401191  0.99978559433759717  0.99983240464358403  0.99987283613585742
  0.99990759307302535  0.99994015057098073  0.99997015503268916  1.00000000000000000
 -0.01652143328216740  0.08421527124819039  0.11863160426920812  0.14030598490863747
  0.15657637480552458  0.17035937995056172  0.18259123655573398  0.19341992284303475
  0.20333281668266912  0.21346112264880324  0.22386466839076671  0.23364835517833346
  0.24281795149850252  0.25177110108652667  0.26075142730388934  0.26972345076362875
  0.27855127908514388  0.28716752960614078  0.29522214379173928  0.30197481786267560
  0.30794001383058101  0.31381915105047858  0.31936288166560028  0.32650217468884801
  0.33475793811523458  0.34334028928098848  0.35220756515976132  0.36115976750321610
  0.36987889352337605  0.37813625860572536  0.38582730781504676  0.39340370206122555
  0.40070869241257739  0.40778732597343637  0.41526606050824916  0.42312103790145267
  0.43034883745471636  0.43581136995975028  0.44083800893023717  0.44557571274350377
  0.45046525656150466  0.45662670112965154  0.46314897309612596  0.46947929055720744
  0.47401274113493158  0.47811689329438167  0.48248271141918531  0.48738534434720937
  0.49315812305128770  0.49994222471717870  0.50783856226532376  0.51630464982492186
  0.52430583908266359  0.53188839341325933  0.53895145899020791  0.54627476737099556
  0.55352107773875381  0.56042110978100079  0.56714436936559076  0.57364246731446966
  0.58044746952757165  0.58788438842764745  0.59601410485908357  0.60424257777975876
  0.61236564831386642  0.62041545516131102  0.62798752200897578  0.63555420891684877
  0.64334531534546602  0.65144952549946422  0.65898030904180593  0.66650911102638222
  0.67408022973974102  0.68140732002620297  0.68872662131092033  0.69527753710241147
  0.70178492100022816  0.70865533732065855  0.71648697475404877  0.72487211390434614
  0.73319737169335808  0.74160332605159918  0.75042786715966237  0.75956895304293781
  0.76861328542571417  0.77711632398848296  0.78632159158662707  0.79631674252021867
  0.80744691789334810  0.81934585630198387  0.83317367900431749  0.84845453764997292
  0.86643599007769390  0.88940153171121117  0.91960894050295194  1.00000000000000000
   1995292.6859777265       -1.0000000000000000     
 F F F F F F F F F F F F F F F F F F F F F F F F F F F F F F F F
  <DiscreteSampler_grid>
  grouped_processes
  1 # 1 for a reference and 2 for a running grid.
  10 # Attribute 'min_bin_probing_points' of the grid.
  1 # Attribute 'grid_mode' of the grid. 1=='default',2=='initialization'
  0.0000000000000000 # Attribute 'small_contrib_threshold' of the grid.
  0.5000000000000000 # Attribute 'damping_power' of the grid.
 # binID   n_entries weight   weight_sqr   abs_weight
    10   10   1.399047018711245E+014   1.746251808088043E+029   1.399047018711245E+014
    16   10   1.399047018711245E+014   1.746251808088043E+029   1.399047018711245E+014
  </DiscreteSampler_grid>
