  0.00000002048646058  0.00000002117456184  0.00000002175077836  0.00000002278136817
  0.00000002423454304  0.00000002573252647  0.00000002725995903  0.00000002890470676
  0.00000003079775432  0.00000003286974125  0.00000003495430006  0.00000003712669419
  0.00000003954518706  0.00000004218975264  0.00000004495427314  0.00000004775419562
  0.00000005069990484  0.00000005405077706  0.00000005744953360  0.00000006099482217
  0.00000006461887018  0.00000006876100246  0.00000007317288947  0.00000007768529954
  0.00000008230567470  0.00000008724656017  0.00000009283659065  0.00000009878050603
  0.00000010472886482  0.00000011072783038  0.00000011716042527  0.00000012425775797
  0.00000013159412764  0.00000013919736042  0.00000014697872229  0.00000015528576996
  0.00000016515624791  0.00000017499318771  0.00000018557041904  0.00000019606850702
  0.00000020778145158  0.00000022012321012  0.00000023256012135  0.00000024529781635
  0.00000025761439169  0.00000027162139410  0.00000028614664560  0.00000030073149776
  0.00000031545739296  0.00000033060294854  0.00000034694172827  0.00000036519316754
  0.00000038511388724  0.00000040683553966  0.00000043100813229  0.00000045634340098
  0.00000048529623234  0.00000051478345092  0.00000054647077021  0.00000057684207936
  0.00000060869449290  0.00000064240460384  0.00000067760634356  0.00000071334976646
  0.00000075098523224  0.00000079294089509  0.00000083814107303  0.00000088540188755
  0.00000092998136129  0.00000097746076848  0.00000103345154653  0.00000109935174508
  0.00000117574326307  0.00000125443648345  0.00000134001511297  0.00000144293660073
  0.00000155675952718  0.00000167091893395  0.00000179278059631  0.00000193413295488
  0.00000207970387817  0.00000223090641924  0.00000238744901032  0.00000256969051735
  0.00000276988914899  0.00000300053064352  0.00000327536263473  0.00000368132314407
  0.00000405860249707  0.00000443172882490  0.00000491298981937  0.00000559541404396
  0.00000649435044600  0.00000736402190473  0.00006353165442402  1.00000000000000000
 -0.00228100013482553  0.00885681219618037  0.01852755813259319  0.02823423805741196
  0.03821073428600028  0.04815296722369192  0.05833195189768945  0.06874582861860748
  0.07911062108161322  0.08978022439779140  0.10024925081793712  0.11097150912064015
  0.12177155629661145  0.13270921333299690  0.14348247062610731  0.15410251777786302
  0.16499911763215563  0.17601731566355081  0.18676711687429931  0.19726608298664397
  0.20765865423599519  0.21815669945447688  0.22830838825252917  0.23801943075208334
  0.24810082146122803  0.25810426453296426  0.26831674546141954  0.27810923727380482
  0.28800198114380943  0.29769102404002157  0.30739450684790581  0.31739576352711268
  0.32805253160823844  0.33897920578162832  0.34990911661396634  0.36068328352985118
  0.37139727597972633  0.38227362287662925  0.39341135485213596  0.40530099337650799
  0.41688818900602320  0.42720220227296191  0.43739700644213508  0.44742804110672912
  0.45788988472404735  0.46831423074060985  0.47897226651529645  0.48969707878740559
  0.50034874322506229  0.51039233781697479  0.52046596160390968  0.53063915484309998
  0.54099880968584813  0.55094939347083360  0.56095652753420067  0.57115658863406349
  0.58189921350255258  0.59264540742004623  0.60352583364732015  0.61387266625085790
  0.62391600671994329  0.63379277068075823  0.64382481811055259  0.65400642912810780
  0.66395479087123099  0.67395783701098777  0.68393247840575255  0.69401445492506042
  0.70433220554662590  0.71476355468094244  0.72560970604018893  0.73686761915218013
  0.74845902035117629  0.75971897563217838  0.77086441770406489  0.78195194476746932
  0.79312602025478962  0.80410281073862844  0.81501872618805171  0.82611174195947012
  0.83756079796581140  0.84884183246120282  0.86020916805715730  0.87083070049093225
  0.88124736256416747  0.89114619160310915  0.90156092979695646  0.91233716029982403
  0.92342867588641864  0.93460003700668237  0.94578857308991582  0.95695935133551346
  0.96814630792377621  0.97911430109338360  0.98958352230507041  1.00000000000000000
  0.93750797101070538  0.93939093601795221  0.94055783235708723  0.94179062249388878
  0.94302418617875661  0.94427423720052694  0.94547088344834529  0.94664079948764845
  0.94780271030442853  0.94894345172929506  0.95005613769583719  0.95116364752244564
  0.95225090173129312  0.95331283946683898  0.95435969962507550  0.95540033584274420
  0.95643275576049136  0.95746972203357938  0.95845652394597947  0.95932936972979799
  0.96018039465225491  0.96102727913475527  0.96187544451348550  0.96270603623168804
  0.96352934734870344  0.96434733801454720  0.96515773711891772  0.96592916039714616
  0.96670213299558527  0.96749331072483435  0.96825902364828531  0.96899000500414434
  0.96970086475458028  0.97041361408784343  0.97113217141060559  0.97185436652393697
  0.97256704872307675  0.97326798846612450  0.97396267773453638  0.97464668871965920
  0.97531542610406485  0.97596720949595928  0.97660875270740877  0.97723957148031271
  0.97786270692833344  0.97848706768269522  0.97908586397674024  0.97964490474827248
  0.98018443411994449  0.98072851980342912  0.98127771197088565  0.98182517056451168
  0.98236287349295148  0.98288553365023601  0.98339394545972814  0.98389651792684329
  0.98438945715693171  0.98487666218882020  0.98535608030016142  0.98582791185227570
  0.98630069837496881  0.98676648237349573  0.98722946240070630  0.98768998526525131
  0.98814313602881831  0.98858604892243451  0.98902385440993168  0.98946099674403909
  0.98990537132502288  0.99034551482764543  0.99076958476191623  0.99118525540984126
  0.99160068244126631  0.99201691426609628  0.99243013367785404  0.99283527138104155
  0.99322657899405198  0.99360399313518577  0.99397972710995330  0.99435082942669162
  0.99471714470734496  0.99508214045491505  0.99544873362821285  0.99581469680684331
  0.99617209778739391  0.99652797750880984  0.99687318491675458  0.99721628080573110
  0.99756086820055812  0.99789966218399440  0.99823749066880785  0.99857876130180623
  0.99892053484698695  0.99926873688167916  0.99963001956767461  1.00000000000000000
 -0.01250752332301111  0.07107318649136093  0.10210712098961267  0.12214127388888697
  0.13818365897487472  0.15227058065590832  0.16474285937670433  0.17614564915087405
  0.18669049632226650  0.19635021650532733  0.20557699637627891  0.21453798283849235
  0.22318899756274937  0.23159950603620438  0.23976030338642063  0.24784969409941152
  0.25577251247709593  0.26348575734970475  0.27117617283706152  0.27923727419451122
  0.28743722952118139  0.29537712724764326  0.30297279883853878  0.31051175939482373
  0.31809435085006316  0.32571808678044356  0.33339734714370761  0.34113861388140515
  0.34888680723919918  0.35673419485188579  0.36466797631155340  0.37263489808694600
  0.38047514722454123  0.38804012412138461  0.39542112592679657  0.40269272288624325
  0.41003407306304351  0.41747155825587290  0.42482304866238058  0.43202290264392301
  0.43923909094666025  0.44668839345552602  0.45443825420178779  0.46205336188194218
  0.47002314141960405  0.47776845541252699  0.48614443895929343  0.49448835132337854
  0.50285976524116105  0.51112637122985605  0.51911472917423240  0.52680292716582389
  0.53413643956525836  0.54156097488446664  0.54924976980442308  0.55718598261710461
  0.56524898220927489  0.57322695237843801  0.58112037560022090  0.58893817387710856
  0.59664447897842854  0.60436770041524723  0.61214687914947452  0.61995595879359378
  0.62771897405572863  0.63537381697127648  0.64350958813124559  0.65167038948647571
  0.65949280402171284  0.66683568143463134  0.67407150256638837  0.68142000220814192
  0.68903512155659230  0.69683036681165511  0.70467909769744164  0.71246264924415426
  0.72025829792954943  0.72812113887721996  0.73611117393999992  0.74434941164390711
  0.75272591604449979  0.76115603272541665  0.76959971014705530  0.77809005579658519
  0.78672769718530300  0.79580812931791622  0.80537524364331525  0.81557101711217228
  0.82633695493145221  0.83779351147901227  0.85004261967273897  0.86347080038106383
  0.87903490835926412  0.89946297085383264  0.93118716104741583  1.00000000000000000
   62942.300083860791       -1.0000000000000000     
 F F F F F F F F F F F F F F F F F F F F F F F F F F F F F F F F
  <DiscreteSampler_grid>
  grouped_processes
  1 # 1 for a reference and 2 for a running grid.
  10 # Attribute 'min_bin_probing_points' of the grid.
  1 # Attribute 'grid_mode' of the grid. 1=='default',2=='initialization'
  0.0000000000000000 # Attribute 'small_contrib_threshold' of the grid.
  0.5000000000000000 # Attribute 'damping_power' of the grid.
 # binID   n_entries weight   weight_sqr   abs_weight
    10   10   1.245935897831346E+009   3.835536755807563E+018   1.245935897831346E+009
    16   10   1.245935897831345E+009   3.835536755807561E+018   1.245935897831345E+009
  </DiscreteSampler_grid>
