  0.00000002109790822  0.00000002119000848  0.00000002126564354  0.00000002134750457
  0.00000002144132816  0.00000002152834474  0.00000002159507596  0.00000002166109941
  0.00000002172187520  0.00000002178796799  0.00000002189478742  0.00000002206149177
  0.00000002232429663  0.00000002269658626  0.00000002314216148  0.00000002364913384
  0.00000002421718622  0.00000002474385692  0.00000002528070331  0.00000002579024813
  0.00000002621612170  0.00000002665969607  0.00000002711817163  0.00000002760340197
  0.00000002813713432  0.00000002884452855  0.00000002984654570  0.00000003087885618
  0.00000003192267585  0.00000003299171554  0.00000003410206975  0.00000003522299387
  0.00000003631931493  0.00000003739713969  0.00000003859998773  0.00000003983880565
  0.00000004109992354  0.00000004244373675  0.00000004392797148  0.00000004546872809
  0.00000004705113630  0.00000004878017801  0.00000005076153766  0.00000005310792312
  0.00000005574088433  0.00000005841527214  0.00000006124869389  0.00000006409553793
  0.00000006736876484  0.00000007108985521  0.00000007517180554  0.00000007929718554
  0.00000008322803578  0.00000008730126886  0.00000009191441969  0.00000009699165962
  0.00000010223958928  0.00000010781634364  0.00000011428403293  0.00000012204671624
  0.00000013010343177  0.00000013711197366  0.00000014410639704  0.00000015172110337
  0.00000016097517475  0.00000017242745110  0.00000018477303685  0.00000019840026269
  0.00000021679375903  0.00000023731860115  0.00000025828310023  0.00000028445288376
  0.00000031223199794  0.00000034110998548  0.00000038053296570  0.00000042393604271
  0.00000047253808840  0.00000052520446696  0.00000058332782066  0.00000065134987947
  0.00000072084189661  0.00000079582605931  0.00000089112693530  0.00000100480947285
  0.00000114353159980  0.00000131034903237  0.00000155253279480  0.00000187408373440
  0.00000234195472448  0.00000287238198239  0.00000347418663194  0.00000431301186430
  0.00000590059985167  0.00000817424492989  0.00004417231335477  1.00000000000000000
 -0.00210518474458143  0.00935378387789893  0.01958744249469225  0.02977475656298866
  0.03965491535055943  0.04914289601601905  0.05839772653185227  0.06753764294707550
  0.07541160637250273  0.08436847953931806  0.09117066281444479  0.09761055830959690
  0.10424669868245279  0.11088961916798219  0.11751676949016827  0.12586598639120192
  0.13846592621075635  0.15110669290564857  0.16195382651404588  0.17186041559770379
  0.18144287504079790  0.19113095379281789  0.20067775908647961  0.21070344204368990
  0.22179231671403019  0.23438631933696755  0.24881153750363694  0.26388410576445498
  0.27556232118917950  0.28499795202191969  0.29546341728467029  0.30599533373659604
  0.31603189933832426  0.32565032522065290  0.33596595963470771  0.34784691314036215
  0.35947317135153906  0.37058005644113695  0.38160628826384108  0.39345251108757656
  0.40507234426351663  0.41454059037015528  0.42396059191185026  0.43366384365450755
  0.44479381809362811  0.45634861990823566  0.46843236063060012  0.48053306765660642
  0.49312999470985386  0.50508165369477354  0.51664104926539245  0.52706242143310567
  0.53733150419487130  0.54834702988405326  0.55971541193788410  0.57114785146421032
  0.58286296463642839  0.59499873628442723  0.60719589422108600  0.61946521218500139
  0.63118765854431313  0.64118155896666551  0.64982712090957695  0.65767510416571862
  0.66527622649654761  0.67357798834890559  0.68260531284413595  0.69229435947528295
  0.70244796699273204  0.71342343154403132  0.72417519671218678  0.73508166178453715
  0.74730779554890225  0.75988908148555967  0.77161707715777161  0.78344121455877813
  0.79650256554147569  0.81016415543945675  0.82251383190294891  0.83427276744326828
  0.84561860534001165  0.85710355153175311  0.86839118325210707  0.87985138745704239
  0.89005402404513756  0.90044154839147539  0.91083981980342554  0.92171151416615482
  0.93160677400913827  0.94060333353634051  0.94948555725027350  0.95878566271804422
  0.96861753016801244  0.97833488646719302  0.98846124213668218  1.00000000000000000
  0.93731838440443183  0.93897509622279296  0.94066685199508493  0.94249755473856089
  0.94427959263313432  0.94599062933104727  0.94764688290527088  0.94927524419892484
  0.95088035203561916  0.95245157604988284  0.95398073373899517  0.95546221690796440
  0.95694445537944539  0.95835224750355752  0.95940857314664818  0.96042784834068795
  0.96143418370289468  0.96242719743497329  0.96340801134942067  0.96437653206744089
  0.96531348509449755  0.96623030283084976  0.96713913670240059  0.96805611318474105
  0.96894356542531512  0.96981221120756989  0.97067032584828328  0.97151256525016239
  0.97233900111019034  0.97316374856590893  0.97396464078300593  0.97474283187942634
  0.97552350667498045  0.97629564553210557  0.97703159366776882  0.97775568416424696
  0.97849472742936372  0.97921988639072566  0.97987342604924776  0.98050091764821701
  0.98112267140094878  0.98172803170094280  0.98232066556987396  0.98290851438759941
  0.98349411922690699  0.98406479141025627  0.98462655611492744  0.98519739349394464
  0.98576790297926387  0.98632013774595839  0.98684969766407582  0.98737469558789814
  0.98789617294856402  0.98841926689348858  0.98893849947215196  0.98945421129417277
  0.98995531519639912  0.99044031289383250  0.99091154697215633  0.99136530880789875
  0.99180671927710173  0.99223731838744123  0.99265824767336186  0.99307077864652948
  0.99347312014423284  0.99386361731709827  0.99424890267584864  0.99462670403502773
  0.99498947418211270  0.99533721984423684  0.99567408681146696  0.99599991606211358
  0.99631428517301901  0.99661973819243921  0.99691857263323502  0.99720055343155789
  0.99747264388229717  0.99773348538240902  0.99797810408288601  0.99820844803431619
  0.99842960806712810  0.99862417554781491  0.99881582330883156  0.99899748144145972
  0.99913254993422129  0.99926077184174433  0.99938268052789736  0.99949614353380811
  0.99959304606166810  0.99968363962589979  0.99974052468453523  0.99979740974317066
  0.99985245041178039  0.99990163360785356  0.99995081680392683  1.00000000000000000
 -0.00973295119985649  0.05971544015016515  0.09299374606230340  0.11702757611335138
  0.13532697387254927  0.15046808020689215  0.16485531752763763  0.17923151812820076
  0.19274038455418535  0.20527870559386596  0.21665897430950798  0.22708226281835117
  0.23732944670786643  0.24791353091838239  0.25984277954796120  0.27142198058526440
  0.28396731006214315  0.29529902695795274  0.30398737509426704  0.31306300401627668
  0.32203855781276058  0.33014934467482382  0.33635865725375375  0.34221758265398422
  0.34833510220062330  0.35589802361509376  0.36644926686088269  0.37621283777587367
  0.38364720614829168  0.39155854754961267  0.39987865219618579  0.40827607942720096
  0.41804590292744548  0.42805778248606846  0.43802537350268672  0.44829106467548957
  0.45898974723883684  0.46901081369913528  0.47752189050981464  0.48534443767511137
  0.49313007796907726  0.50104441539653810  0.50865488253793800  0.51757969040679674
  0.52616767644845719  0.53552672843687743  0.54492250728083547  0.55459336365750278
  0.56360311851234690  0.57189270030669059  0.57822459130324855  0.58348224382921066
  0.58896026178020078  0.59530225057809738  0.60182961610883323  0.60865744338141592
  0.61743206436917253  0.62638626905289685  0.63504984357160688  0.64410085943274031
  0.65385116917944164  0.66422737250699515  0.67426003928097844  0.68446395221399337
  0.69235641226946898  0.70059144617318081  0.70788948380195005  0.71510500001712585
  0.72262917758672296  0.73052095475048662  0.73954011718987955  0.74813366512508184
  0.75685511031768871  0.76533424692164731  0.77467886394952512  0.78489773300164034
  0.79482312740439687  0.80356145774117893  0.81203304542196697  0.81995646201407868
  0.82749375079454812  0.83486690270848174  0.84267638113517884  0.85090788013801444
  0.85970467818664775  0.86850967947986535  0.87712942631726198  0.88559394275885972
  0.89476602317050047  0.90431107324502158  0.91379326895668378  0.92307934731018093
  0.93305485455322568  0.94568893607740723  0.96546126395366627  1.00000000000000000
   386541.06392891362       -1.0000000000000000     
 F F F F F F F F F F F F F F F F F F F F F F F F F F F F F F F F
  <DiscreteSampler_grid>
  grouped_processes
  1 # 1 for a reference and 2 for a running grid.
  10 # Attribute 'min_bin_probing_points' of the grid.
  1 # Attribute 'grid_mode' of the grid. 1=='default',2=='initialization'
  0.0000000000000000 # Attribute 'small_contrib_threshold' of the grid.
  0.5000000000000000 # Attribute 'damping_power' of the grid.
 # binID   n_entries weight   weight_sqr   abs_weight
    28   10   1.192625808373522E+011   4.888025922965537E+022   1.192625808373522E+011
    31   10   2.502571470946687E+011   2.089588943516308E+023   2.502571470946687E+011
    32   10   2.502571470946688E+011   2.089588943516310E+023   2.502571470946688E+011
    34   10   1.192625808373522E+011   4.888025922965537E+022   1.192625808373522E+011
    37   10   2.454347109921841E+011   2.027500854830108E+023   2.454347109921841E+011
    38   10   2.454347109921840E+011   2.027500854830108E+023   2.454347109921840E+011
    43   10   2.454347109921840E+011   2.027500854830107E+023   2.454347109921840E+011
    44   10   2.454347109921841E+011   2.027500854830108E+023   2.454347109921841E+011
    46   10   2.454347109921840E+011   2.027500854830106E+023   2.454347109921840E+011
    47   10   2.454347109921841E+011   2.027500854830108E+023   2.454347109921841E+011
    52   10   1.192625808373522E+011   4.888025922965537E+022   1.192625808373522E+011
    58   10   1.192625808373522E+011   4.888025922965539E+022   1.192625808373522E+011
  </DiscreteSampler_grid>
