 -0.00004616228789387  0.00102678286666458  0.00229056209499426  0.00401077290259317
  0.00608287949400111  0.00862026444119303  0.01148945544516881  0.01458380678127678
  0.01828034688069294  0.02206564918360132  0.02627022394547306  0.03052417090401169
  0.03535997299265350  0.04039430502740635  0.04549115955214153  0.05111244303538833
  0.05688817474906481  0.06256608311369342  0.06857227617680478  0.07513853796038301
  0.08186695675041800  0.08864850116156724  0.09537697222100000  0.10281592597491637
  0.11075712488335164  0.11863191618667231  0.12649356262164932  0.13433257672178545
  0.14221177155364745  0.15074345866054331  0.16008346926332276  0.16934752282850377
  0.17867692776481267  0.18816090409345829  0.19778627560535936  0.20748655537575689
  0.21754870539719806  0.22858251979102695  0.23985538484420094  0.25118543253587472
  0.26260960484384016  0.27405460632926981  0.28554662419897242  0.29708916034959110
  0.30879335517741313  0.32123474556038822  0.33481844851771564  0.34847659617965299
  0.36210930136208119  0.37593690037255306  0.38978112293002870  0.40374031149510298
  0.41766106386779078  0.43155209833107555  0.44544291083036347  0.45936535546425156
  0.47363870249362638  0.48810947798786641  0.50249771763391116  0.51678882927651393
  0.53106012040722539  0.54545655402424975  0.55987802556433619  0.57446578996328201
  0.58913016820641440  0.60374898321900927  0.61807079580832325  0.63221609883825836
  0.64634318798620316  0.66030329612582583  0.67413433822627311  0.68871814493338668
  0.70385040454245640  0.71864481632676380  0.73338149072071712  0.74791202602741413
  0.76243821143725610  0.77672792194625451  0.79074632156557401  0.80446732367894358
  0.81784610983329020  0.83109772944908500  0.84424182989827146  0.85725845685996904
  0.87018189288795611  0.88304445571856760  0.89580232095262735  0.90823602069996301
  0.92047326312597533  0.93249561484557075  0.94428549942404882  0.95582184185780916
  0.96710031869433866  0.97819437462330316  0.98914607801333720  1.00000000000000000
 -0.00258840846170314  0.00964655129687699  0.02012806001789007  0.03084277905638516
  0.04140137652101294  0.05123849702992539  0.06138010314248686  0.07156326938246600
  0.08213784218249259  0.09252731324888575  0.10294620269219186  0.11409834507936910
  0.12523913164232137  0.13649284143911333  0.14768313392285493  0.15893942723737653
  0.16982348157146851  0.18072995786603047  0.19162823462964684  0.20265095156197604
  0.21287775984858795  0.22291371785019920  0.23311753846363953  0.24367804527597645
  0.25430252707048473  0.26490176885145200  0.27578689715412735  0.28700304771159346
  0.29830893974139255  0.30970901539338747  0.32026821425814822  0.33047210067178023
  0.34067262833360779  0.35082133147343397  0.36067871896141040  0.37032263162889317
  0.38007993503270238  0.39008780062739384  0.40007813035394130  0.41011807437093939
  0.41991984752477379  0.42999706440914698  0.43975808165495234  0.44997566894817032
  0.45973041859701647  0.46984743335356272  0.47970608746267529  0.49068521558674943
  0.50098175456216087  0.51129869327123090  0.52157397106885628  0.53232458028038010
  0.54283565214530216  0.55256280845859373  0.56211442354736740  0.57286066752996512
  0.58368054551094128  0.59379799013628809  0.60395375394823092  0.61394982378301954
  0.62432773585631174  0.63404936780413301  0.64363865116247454  0.65365805637420837
  0.66398730165849740  0.67484221243834763  0.68584807497835509  0.69753242185190245
  0.70923449834320373  0.72036933040314854  0.73141183890958905  0.74270087879990043
  0.75381873542580546  0.76491965834701658  0.77596803370638268  0.78744425917528205
  0.79846158236218512  0.80950847337576270  0.82024417315146714  0.83131091570534810
  0.84213893404678941  0.85258308707844344  0.86288585698824560  0.87317705973690851
  0.88387169788759512  0.89435820834160584  0.90496146684936563  0.91551268520240392
  0.92605759390842401  0.93656117204842182  0.94691576371572128  0.95739372717511928
  0.96793249621094668  0.97863997573578754  0.98927295545370542  1.00000000000000000
  0.74947635847906946  0.75161996273012721  0.75392838837657816  0.75627536845144661
  0.75885327494829502  0.76143682294689230  0.76403374177414951  0.76663896730353853
  0.76929945617723705  0.77196247577145649  0.77463831869692390  0.77725573454777797
  0.77983963727633854  0.78238834176367300  0.78494153218221718  0.78752203485833328
  0.79012985496209587  0.79277266780210820  0.79542036504428681  0.79807424644864877
  0.80071252510321589  0.80332069304567100  0.80590038249782203  0.80846636415511419
  0.81102857393973626  0.81357539944317547  0.81610051504897962  0.81861847282591438
  0.82114201519246199  0.82368198796614944  0.82623314107993384  0.82873931902587261
  0.83117516715373796  0.83355964898415458  0.83595137769381955  0.83838066931687605
  0.84082281166089623  0.84324376403955870  0.84567293473640248  0.84814024455916415
  0.85060012672223173  0.85303119799050342  0.85547822204114876  0.85796496141185907
  0.86047164780336571  0.86294703462277711  0.86538633006464216  0.86782035870469465
  0.87025255677401114  0.87265690140001240  0.87504404873528252  0.87747115160065092
  0.87992920987078027  0.88235451973059120  0.88473430485886062  0.88712363210328182
  0.88959286845756413  0.89214532971849658  0.89469251218323687  0.89721775256762026
  0.89976009793399603  0.90230551686876082  0.90485879118668489  0.90732995294931007
  0.90974116841648434  0.91217143891012620  0.91469045264165438  0.91735300096100647
  0.92009208521160624  0.92279138253486759  0.92542269073121031  0.92799275107036949
  0.93053319019832659  0.93307787084345994  0.93563261364638428  0.93826607477214907
  0.94101295686463282  0.94383605002845661  0.94665899728335356  0.94949555427202448
  0.95228602505247828  0.95512890134321449  0.95800265867449963  0.96097918925584469
  0.96395733748794865  0.96684765528273975  0.96977433260345369  0.97275637187887831
  0.97586767179638767  0.97899683702384077  0.98225346357318355  0.98549021727102082
  0.98885949482528779  0.99238309716071516  0.99617745089159515  1.00000000000000000
 -0.01208107731542591  0.07065102458282883  0.10272547607143150  0.12245837721550946
  0.13880635333366415  0.15362428636729342  0.16776109033433043  0.18158171285944541
  0.19470033292489397  0.20723071282424205  0.21894821375707357  0.23008459246268012
  0.24070991838359540  0.25100463004585649  0.26117322687018041  0.27119600426846957
  0.28105327085302390  0.29068633972241592  0.30021980223589911  0.30978624351983225
  0.31940063440248329  0.32891517808904824  0.33829672758870566  0.34778983715137485
  0.35765004685930440  0.36786619998284414  0.37807492945870141  0.38803942608456593
  0.39776807380046769  0.40731965281711074  0.41673303876514622  0.42601734545244119
  0.43534711052537156  0.44476452922783544  0.45412958692626454  0.46344589692549809
  0.47262615635372274  0.48176042661561119  0.49094238552450969  0.50020175918113385
  0.50955371313170883  0.51894622387517342  0.52852919682889388  0.53828140122133861
  0.54801859425796462  0.55811260691051556  0.56855138175564568  0.57950483444097778
  0.59035975550903508  0.60104335648015994  0.61093746316875885  0.62044711327735291
  0.63013612292897525  0.63973584047346477  0.64902584004689723  0.65781801198920398
  0.66636074291153602  0.67492596150266193  0.68371342124853784  0.69266807632331961
  0.70178943176663910  0.71069334829014830  0.71979691476337759  0.72839974200613444
  0.73751433665687705  0.74669843128244384  0.75585563243915921  0.76480460916121162
  0.77354712881280896  0.78194274706052813  0.79018057128175867  0.79829878391215470
  0.80634060032205646  0.81412082108327810  0.82153490832023646  0.82872094761731441
  0.83581057165801032  0.84288502743456395  0.84978894526501803  0.85644509179700767
  0.86275133821756589  0.86883836113095336  0.87489905693647474  0.88100819043658796
  0.88724426346604168  0.89381121548553588  0.90041421160596713  0.90694228127521248
  0.91344980151330468  0.92027523241674281  0.92752921495100416  0.93522952175609797
  0.94390228821590261  0.95447688294699207  0.97029543701727150  1.00000000000000000
   20763.429764335622       -1.0000000000000000     
 F F F F F F F F F F F F F F F F F F F F F F F F F F F F F F F F
  <DiscreteSampler_grid>
  grouped_processes
  1 # 1 for a reference and 2 for a running grid.
  10 # Attribute 'min_bin_probing_points' of the grid.
  1 # Attribute 'grid_mode' of the grid. 1=='default',2=='initialization'
  0.0000000000000000 # Attribute 'small_contrib_threshold' of the grid.
  0.5000000000000000 # Attribute 'damping_power' of the grid.
 # binID   n_entries weight   weight_sqr   abs_weight
    31   10   1.442347890004616E+009   2.289203777965681E+018   1.442347890004616E+009
    32   10   1.442347890004616E+009   2.289203777965680E+018   1.442347890004616E+009
    40   194   1.524186203653784E+009   2.543299959275703E+018   1.524186203653784E+009
    41   194   1.524186203653784E+009   2.543299959275703E+018   1.524186203653784E+009
  </DiscreteSampler_grid>
