  0.00253725632048906  0.00573517663637629  0.00958368880994323  0.01410882597922687
  0.01851575153355803  0.02262779656264029  0.02707092748210419  0.03161988700532535
  0.03652419272957581  0.04142619137659623  0.04616299855915883  0.05130298528102368
  0.05634749128815801  0.06122432435911693  0.06611464678162696  0.07146178842334344
  0.07707936050036704  0.08269144851079475  0.08817064109963900  0.09352286195031966
  0.09892266917854652  0.10484591984556071  0.11089467978777338  0.11681135882787799
  0.12260701696467222  0.12837741829873048  0.13426793923494099  0.14017093770818717
  0.14599487188956586  0.15270567097102242  0.15913138525200957  0.16557004245297624
  0.17194726266575527  0.17829925573198874  0.18463573326957011  0.19098691296136897
  0.19738185571456524  0.20389686990841321  0.21041817046257197  0.21728629985225736
  0.22461729366818795  0.23186163066939075  0.23910870199563689  0.24640429248647416
  0.25373091650358631  0.26108589458327602  0.26847380184008723  0.27595197863712362
  0.28354578099866073  0.29119022842928299  0.29880988356648142  0.30628502950953584
  0.31387024611058706  0.32223168233515470  0.33089948038291150  0.33965425447263858
  0.34849828647783715  0.35735314223313464  0.36631298739743029  0.37536996390114330
  0.38447191459273666  0.39359233299600882  0.40271712209845534  0.41185591099508151
  0.42114902135127213  0.43058811960203131  0.44014690506073206  0.44963250948821609
  0.45900806003490635  0.46966664627914012  0.48193951036780369  0.49383054608578908
  0.50585224454785849  0.51795444473613461  0.53015216024879419  0.54255801167019657
  0.55521748926627912  0.56815160664210407  0.58140487101217064  0.59493637172737390
  0.60876650271570798  0.62290341109883884  0.63727003734785481  0.65190223555974303
  0.66672760763097871  0.68283855053526787  0.70156705825489174  0.72226756428469674
  0.74365626804945884  0.76616524822522569  0.79012866903654200  0.81642287806638536
  0.84631553161107709  0.88234917860017303  0.93016752308916439  1.00000000000000000
 -0.00224010955153337  0.00925858544997059  0.01902011730080506  0.02957987947483872
  0.04014053453595580  0.05038844661173388  0.06070475835941960  0.07119744695399977
  0.08204424167480438  0.09258581407923165  0.10273969690361408  0.11263954463363354
  0.12273115615284785  0.13326412825132578  0.14390956326368975  0.15460686017880801
  0.16529510166853348  0.17596764036526336  0.18659851010425063  0.19727814085980599
  0.20790557027858791  0.21878053747426812  0.22937190734531540  0.24026798848876763
  0.25109713398856370  0.26182228316228584  0.27273501923522231  0.28341552031060629
  0.29416635267237840  0.30451522130211045  0.31475662318669473  0.32526105163977725
  0.33577367122395674  0.34654177357290955  0.35730679607983823  0.36828772346554434
  0.37911677297382190  0.39009662195747169  0.40092976673267516  0.41177417802796107
  0.42237035204409079  0.43306825906737412  0.44368912102750968  0.45423667717340427
  0.46480918207399063  0.47519759142444118  0.48560330089890630  0.49584017100375244
  0.50624565661749976  0.51672902301553558  0.52759507280321016  0.53852969628905312
  0.54913546832603111  0.55953992163649091  0.57002259553027212  0.58068876175348827
  0.59140067939804375  0.60194486760242250  0.61252330685272005  0.62296776409794030
  0.63348326635223939  0.64428282705859286  0.65538103622098409  0.66642953314882891
  0.67692881341702926  0.68746411029588905  0.69798824837405671  0.70836088661681362
  0.71844197367604501  0.72869185521414193  0.73918865146170032  0.74974494290885285
  0.75990747470196718  0.77007146782978242  0.78021748899638343  0.79015549907002469
  0.80029213423478196  0.81023847814872507  0.82078877570499031  0.83125822937702332
  0.84207034583178930  0.85246750562464246  0.86304315235036477  0.87354050111497172
  0.88416651261673629  0.89469303990382087  0.90514275353368812  0.91550020079911310
  0.92569582645068005  0.93570219082528716  0.94589010080650882  0.95632779651397237
  0.96710459117243275  0.97807878929647896  0.98896018807021724  1.00000000000000000
  0.93743180693709571  0.93777445543221960  0.93834391552889984  0.93885270098072471
  0.93951249997917485  0.94016443029233698  0.94083915686704189  0.94152666250752626
  0.94219993834256632  0.94286180275151721  0.94351997868510074  0.94417624914722409
  0.94482664029950858  0.94547860305831444  0.94612981838231813  0.94678200886845187
  0.94743245758991423  0.94807963443164001  0.94872531743114841  0.94937186012550701
  0.95002986396625067  0.95069169037637269  0.95135413739233454  0.95200897831458331
  0.95266529924863508  0.95332299762288164  0.95398676394895165  0.95464569515200959
  0.95529626928804379  0.95594420189614393  0.95659816462883451  0.95725228048029354
  0.95789108991029537  0.95852751032616268  0.95917400113660300  0.95982622266566819
  0.96048407926075263  0.96114939824254297  0.96181881693751958  0.96249078673257438
  0.96315334993063051  0.96381363294482070  0.96447466928693593  0.96514157252598709
  0.96580101684634867  0.96645290301654330  0.96709602237892744  0.96774613604433113
  0.96840177584554243  0.96905763564261782  0.96971267669404271  0.97036213383522241
  0.97100958275235760  0.97165251526165386  0.97229009359016760  0.97292448484969285
  0.97356076477115716  0.97421047820052675  0.97486785544166643  0.97552677563015111
  0.97617956360202474  0.97682829485675116  0.97747290907833084  0.97811703176169340
  0.97876460669584975  0.97941829696581428  0.98007616809847586  0.98073565458166378
  0.98139576213632396  0.98205599721819170  0.98271479561326414  0.98337444216176373
  0.98403481716532348  0.98468645226048668  0.98533484291133089  0.98598420997271918
  0.98664765804888221  0.98730897476540125  0.98796754112306950  0.98862449953263831
  0.98928175233067916  0.98994635603320535  0.99060858142565067  0.99127036952512149
  0.99193341795039658  0.99260051570985441  0.99327178430824603  0.99394226458951174
  0.99461449546509839  0.99529450936433495  0.99599975395747908  0.99672270223730652
  0.99746793847373116  0.99823091210452053  0.99907207347516125  1.00000000000000000
 -0.00620121385488414  0.03667052365418455  0.05691528219982467  0.07090597260313349
  0.08254355047178155  0.09295106790896809  0.10268460722067908  0.11208165034326011
  0.12121243605859615  0.13020061188787144  0.13906839946260763  0.14789451492735084
  0.15671839634963286  0.16561040519421483  0.17451114122647898  0.18325860491805285
  0.19186152062053027  0.20033648161723960  0.20878046754740509  0.21724114452341717
  0.22584053519586081  0.23475633286961253  0.24379745901141398  0.25272055911595565
  0.26147834923641056  0.27020999463255940  0.27895974226023829  0.28772887378417500
  0.29654908839352057  0.30531399408166709  0.31413531876802692  0.32292289710240996
  0.33179036291958164  0.34093761695787833  0.35029810440893150  0.35974477550514744
  0.36920284176404700  0.37865749224470685  0.38811520671950483  0.39750157628027000
  0.40677707982978994  0.41591322297209371  0.42499037829846720  0.43400476262077797
  0.44300979461904338  0.45192509212341025  0.46076594155254197  0.46967560148738668
  0.47868758470965511  0.48766943050062100  0.49671570449013697  0.50550275646205400
  0.51426138273884059  0.52291616736909718  0.53163814473785342  0.54028899145885700
  0.54881321641625347  0.55715912186100947  0.56541554648966197  0.57363710628031173
  0.58183549024015246  0.59005722412730788  0.59827778039406088  0.60646114889195346
  0.61454297098625998  0.62256214905839424  0.63064537306350110  0.63888586530657931
  0.64712392962334142  0.65535890470138536  0.66360555653877484  0.67188837042181360
  0.68021834851552088  0.68850095711360448  0.69687065267325776  0.70529273945288007
  0.71376773379764891  0.72230832648069176  0.73084933321474677  0.73934296286345014
  0.74794048825400006  0.75649078394341940  0.76495774285177209  0.77376497890167684
  0.78292225964580309  0.79249996967810388  0.80241969668802049  0.81276750899036576
  0.82369729115307055  0.83532690449788816  0.84770191519019034  0.86147443929286371
  0.87696998697274475  0.89799992141033480  0.93038951553696780  1.00000000000000000
   26270.207407207487       -1.0000000000000000     
 F F F F F F F F F F F F F F F F F F F F F F F F F F F F F F F F
  <DiscreteSampler_grid>
  grouped_processes
  1 # 1 for a reference and 2 for a running grid.
  10 # Attribute 'min_bin_probing_points' of the grid.
  1 # Attribute 'grid_mode' of the grid. 1=='default',2=='initialization'
  0.0000000000000000 # Attribute 'small_contrib_threshold' of the grid.
  0.5000000000000000 # Attribute 'damping_power' of the grid.
 # binID   n_entries weight   weight_sqr   abs_weight
    13   10   2.733370206454544E+009   8.760798044031251E+018   2.733370206454544E+009
    14   10   2.733370206454544E+009   8.760798044031249E+018   2.733370206454544E+009
    16   10   2.733370206454544E+009   8.760798044031251E+018   2.733370206454544E+009
    17   10   2.733370206454544E+009   8.760798044031255E+018   2.733370206454544E+009
  </DiscreteSampler_grid>
