  0.00000002127426811  0.00000002142571162  0.00000002154239700  0.00000002165705626
  0.00000002176709500  0.00000002192279137  0.00000002219839797  0.00000002261179646
  0.00000002316721865  0.00000002371914932  0.00000002427029027  0.00000002483348360
  0.00000002547279933  0.00000002615455821  0.00000002682406154  0.00000002750650484
  0.00000002822395718  0.00000002899082761  0.00000002983519460  0.00000003089486075
  0.00000003197753446  0.00000003312107828  0.00000003432475641  0.00000003556916293
  0.00000003684449489  0.00000003837088183  0.00000004007900994  0.00000004190371101
  0.00000004375392434  0.00000004556509546  0.00000004749275100  0.00000004956527556
  0.00000005177164839  0.00000005405513020  0.00000005636412924  0.00000005874737124
  0.00000006108231238  0.00000006361990431  0.00000006647206829  0.00000006968412127
  0.00000007293224775  0.00000007617300462  0.00000007949533666  0.00000008291780886
  0.00000008722630204  0.00000009250217986  0.00000009830463996  0.00000010435141704
  0.00000011075979166  0.00000011825788934  0.00000012683936300  0.00000013562654997
  0.00000014378258668  0.00000015264714957  0.00000016301219340  0.00000017447400614
  0.00000018638491733  0.00000019951894475  0.00000021480196339  0.00000023119019354
  0.00000024602176092  0.00000026077778760  0.00000027746482545  0.00000029488292334
  0.00000031672418618  0.00000033678617086  0.00000036192481426  0.00000038954835450
  0.00000042172785465  0.00000046021416350  0.00000049255473764  0.00000052257227970
  0.00000055286824188  0.00000058952209815  0.00000064564634363  0.00000071411165058
  0.00000077774117008  0.00000085164773227  0.00000093428734837  0.00000104625608541
  0.00000118666369669  0.00000134934413685  0.00000156136850372  0.00000176183523519
  0.00000197938872701  0.00000225748959202  0.00000267459716513  0.00000323448314336
  0.00000378579825686  0.00000447109098623  0.00000542424080983  0.00000635866784767
  0.00000796823491015  0.00001089108530096  0.04393464870947254  1.00000000000000000
 -0.00150702880404459  0.00811309585291872  0.01590822531802083  0.02470608215234080
  0.03406754541364802  0.04379774959397419  0.05458626270379372  0.06544391694130551
  0.07768914755749293  0.08966424783969146  0.10255652018693159  0.11451272549944577
  0.12544068174103229  0.13579415667827005  0.14612042588850077  0.15815792591597150
  0.17067276092310216  0.18163407007754917  0.19268832834315763  0.20278973756838903
  0.21381352198408085  0.22468970558156245  0.23640273976308229  0.24855988738431428
  0.25929167904245742  0.26843083032576248  0.27683163856566356  0.28552482715073585
  0.29534609356138963  0.30651210612661267  0.31731559018083533  0.32602678613944563
  0.33462475708954886  0.34375444220758572  0.35300631021539836  0.36202887646541276
  0.37083991930864751  0.38087719099520345  0.39123355002360771  0.40070236308518004
  0.40939730233378541  0.41842034566818898  0.42939157460894151  0.44078367260590473
  0.45111942489191709  0.46070362603927817  0.46964108464548671  0.47966208906391522
  0.48977183278726993  0.50038519561250161  0.51110674779927234  0.52123918548750936
  0.53032270786649793  0.53950771560260813  0.54853110498384483  0.55774721886403178
  0.56738196917742867  0.57808441571877489  0.58924000418229949  0.60014135002070690
  0.61061401100995516  0.62124765022028128  0.63246642615261162  0.64379059452824927
  0.65624557359836366  0.66999189404776671  0.68386559020606075  0.69721817881463921
  0.70963079022598197  0.72195404518249084  0.73330968994480916  0.74428710489589534
  0.75613670063317684  0.76851223816439695  0.77949602751656855  0.78919699142320243
  0.79929368182058047  0.81002880470616245  0.82237450423327074  0.83413199799365456
  0.84457196022726511  0.85452322053764995  0.86522523417218133  0.87702956324209469
  0.88927238404122821  0.90073070753779760  0.91151534026405689  0.92236041897493160
  0.93359427085031987  0.94465238237628579  0.95480354509633725  0.96371932610375077
  0.97236898966436125  0.98175338232851439  0.99087993083823578  1.00000000000000000
  0.93816295835105734  0.94037406149233527  0.94221406800880647  0.94404153047751316
  0.94584593398425476  0.94762981686027148  0.94936744692969877  0.95105806889524369
  0.95271280437107120  0.95435233347655057  0.95600134554800442  0.95765833352799323
  0.95893813722249743  0.96001572418661130  0.96106094568810263  0.96210585281854755
  0.96314293101921400  0.96414310029360517  0.96510465108784405  0.96606420111376612
  0.96700602533401603  0.96793175581366830  0.96885223452308722  0.96976015726437903
  0.97065355777189222  0.97152855956330042  0.97238139645683164  0.97320551477341966
  0.97401495764860713  0.97482717669885266  0.97562593874565895  0.97640119498617706
  0.97716093818663874  0.97791616366966916  0.97867183554916437  0.97938529637220217
  0.98003679895453755  0.98067777024472069  0.98128053232824475  0.98187101347528116
  0.98246427777216316  0.98306033567273399  0.98363882280686810  0.98421290652591631
  0.98478118527943304  0.98535617381676588  0.98592350206607471  0.98648854072255598
  0.98702810984524703  0.98754379717180407  0.98803608075384486  0.98851534897924964
  0.98898368240728329  0.98944627906580740  0.98991147779334498  0.99037453281591126
  0.99083745248961985  0.99128352323186675  0.99170463369947737  0.99211288196590264
  0.99251063539693540  0.99291574405789806  0.99331180084088222  0.99369237379313047
  0.99404981610515497  0.99438761018331245  0.99471938649466429  0.99504691572626935
  0.99536883144742105  0.99568313558800770  0.99598674803659293  0.99627378147226719
  0.99655767448553856  0.99684014482602601  0.99710921478291614  0.99735749407666097
  0.99759525709540964  0.99782089628645854  0.99803419229988000  0.99823734519844787
  0.99843577452205701  0.99861233554692108  0.99878257766997236  0.99894248154956189
  0.99907492771907891  0.99919392952551045  0.99930559259971663  0.99941141284718693
  0.99950644374174646  0.99959656742811653  0.99967699729426396  0.99975017831524760
  0.99981587141174511  0.99987966147129981  0.99993983073564996  1.00000000000000000
 -0.00726620665644320  0.03879556130594253  0.05888391271094616  0.07276686259136148
  0.08516847607065561  0.09691822735249615  0.10844470663842427  0.11959893352387212
  0.13009449399391537  0.13994561658355878  0.14965650181196805  0.15884685040244984
  0.16747302407559622  0.17617927860303015  0.18457527385951236  0.19359866109734969
  0.20280569150465855  0.21150971266054283  0.21980552030764272  0.22810318348538033
  0.23561274033614896  0.24365252225013093  0.25215361026951089  0.26010013365508161
  0.26714126834824453  0.27359658698757738  0.28028941316909040  0.28706216717916921
  0.29511039729166277  0.30380480331021892  0.31246912598462112  0.32046842221908878
  0.32856486223037823  0.33755290701139717  0.34605256841618331  0.35398336774030181
  0.36215883656231340  0.37038018192727662  0.38029589197527169  0.39104547217550661
  0.40190874947114058  0.41183008989498421  0.41983621785012831  0.42721659648031962
  0.43479551328192251  0.44188559533544036  0.44949330719245445  0.45725487607714610
  0.46472435658549455  0.47250866101105821  0.47996080064945862  0.48813410015564029
  0.49560919491494354  0.50333977448630052  0.51166426828447320  0.52083536368855654
  0.53137124620664977  0.54185299346958904  0.55003281102674706  0.55719127886145037
  0.56412323341699921  0.57112968043031809  0.57850880117820269  0.58620018500430326
  0.59386895920713667  0.60164062204858260  0.60986888794422289  0.61841733422634115
  0.62692751388752632  0.63457528263355867  0.64140300198898093  0.64850978540943327
  0.65647605985689450  0.66522696476847387  0.67443860719446724  0.68338487414964244
  0.69229234670951356  0.70134898195438944  0.71093201852186649  0.72035849855078349
  0.72977324916990804  0.73951228723108764  0.74975644316148760  0.76031349188819486
  0.77089546274418719  0.77970533944264897  0.78891799030008947  0.79877507212475840
  0.80952740555940372  0.82195909176928117  0.83588665509562254  0.85049372500876408
  0.86647640104148305  0.88623096283215452  0.92083101936993650  1.00000000000000000
   2241042.2278747670       -1.0000000000000000     
 F F F F F F F F F F F F F F F F F F F F F F F F F F F F F F F F
  <DiscreteSampler_grid>
  grouped_processes
  1 # 1 for a reference and 2 for a running grid.
  10 # Attribute 'min_bin_probing_points' of the grid.
  1 # Attribute 'grid_mode' of the grid. 1=='default',2=='initialization'
  0.0000000000000000 # Attribute 'small_contrib_threshold' of the grid.
  0.5000000000000000 # Attribute 'damping_power' of the grid.
 # binID   n_entries weight   weight_sqr   abs_weight
    13   10   1.937332176839535E+011   7.739859923678750E+022   1.937332176839535E+011
    14   10   1.937332176839535E+011   7.739859923678755E+022   1.937332176839535E+011
    16   10   1.937332176839534E+011   7.739859923678749E+022   1.937332176839534E+011
    17   10   1.937332176839535E+011   7.739859923678750E+022   1.937332176839535E+011
  </DiscreteSampler_grid>
