  0.00000087114515656  0.00000736624008341  0.00001234383254492  0.00001657589637827
  0.00002053314762230  0.00002438832346746  0.00002806627347198  0.00003167099797738
  0.00003538138323390  0.00003918923877649  0.00004310142123452  0.00004706675635291
  0.00005098252672295  0.00005478795801724  0.00005858094754051  0.00006256608882203
  0.00006659793524174  0.00007069456201445  0.00007487834900889  0.00007916528943781
  0.00008353535450440  0.00008796541252673  0.00009243785755597  0.00009698585140031
  0.00010166915457731  0.00010651736878797  0.00011152017658295  0.00011658266769629
  0.00012177926692114  0.00012703322427138  0.00013242183044616  0.00013791554290130
  0.00014349892535815  0.00014919073571373  0.00015501711643756  0.00016095949313826
  0.00016697991796716  0.00017318188142137  0.00017959508660712  0.00018618254794995
  0.00019300855018562  0.00020001465589173  0.00020730267369669  0.00021501751083457
  0.00022302817359293  0.00023127056432370  0.00023978235041175  0.00024861626275018
  0.00025775204998822  0.00026758055990387  0.00027737526292884  0.00028769488952214
  0.00029852153016252  0.00030984512285259  0.00032198165439674  0.00033435557102502
  0.00034704500063820  0.00036066095216635  0.00037488955947863  0.00039014647822282
  0.00040656004277177  0.00042313278696611  0.00044162746170154  0.00046036525669569
  0.00048055438574464  0.00050131650202792  0.00052343507369563  0.00054712351454951
  0.00057262718755120  0.00060040630454708  0.00063047579364912  0.00066261727640681
  0.00069698187113654  0.00073377875769290  0.00077431185096210  0.00081844579485806
  0.00086612155696504  0.00091786742119008  0.00097507819387668  0.00103774117697975
  0.00110615091052703  0.00118168382604819  0.00126826240871694  0.00137086201376171
  0.00148586393703900  0.00162120023781038  0.00178557636348629  0.00197958778202050
  0.00221061477871556  0.00249154942181388  0.00284295224457231  0.00328524887385183
  0.00384589178067229  0.00457668126200664  0.00594000527848800  1.00000000000000000
 -0.00228382089201228  0.00903715742061645  0.01914124932544581  0.02979106083068276
  0.04065466052537599  0.05141848801687481  0.06227007532089168  0.07296205081694813
  0.08373173790869996  0.09442425512284772  0.10532705498918980  0.11585385748593174
  0.12623943789859657  0.13658136722548281  0.14702831475443934  0.15753249716242687
  0.16787165473260607  0.17853752519913407  0.18913072434193146  0.19989433818416355
  0.21061650632130102  0.22108644374362568  0.23148773638688130  0.24186841020373878
  0.25253219517560832  0.26330028042313813  0.27419326300228464  0.28505943748002766
  0.29570386569439261  0.30638634358458200  0.31727609831907699  0.32831614308697710
  0.33911344120795028  0.34962854804973353  0.36032650912453718  0.37115789625258139
  0.38194729581858738  0.39269390149354477  0.40309067738013077  0.41347657784467085
  0.42382025818588026  0.43413603363059905  0.44440842629102056  0.45478033640304394
  0.46518221690604922  0.47550461817227641  0.48554883850058422  0.49571628389421568
  0.50609668754375936  0.51655389517883765  0.52706534493802970  0.53740515609732342
  0.54773121698892968  0.55813760258573208  0.56877190219952134  0.57939836914392584
  0.59020023514318243  0.60111174778917442  0.61169313707414752  0.62199005401604723
  0.63227405115931035  0.64271432970564357  0.65308634280746392  0.66344550165699945
  0.67382749752373661  0.68431910356655801  0.69466189760955943  0.70475468608384928
  0.71476230558268161  0.72488628009565437  0.73516114386782250  0.74602549483528402
  0.75707223329231021  0.76816290608088966  0.77896783916748269  0.78950633882349841
  0.79971020876515730  0.80985935823086130  0.82004565399710994  0.83057846850715111
  0.84114619826302706  0.85172911634603565  0.86232129001753421  0.87291466612167246
  0.88346494235806694  0.89414403304275991  0.90475631643288057  0.91544451036976349
  0.92615221740663722  0.93697573261293166  0.94736946268949185  0.95791147825307499
  0.96843375966855705  0.97892203521642640  0.98944070198313638  1.00000000000000000
 -0.00487959513453912  0.02757246184305632  0.04975812573012423  0.06791414892061177
  0.08399179231220592  0.09892588646344290  0.11298265908328817  0.12630454268112995
  0.13906546643931983  0.15142458940586717  0.16321395510322667  0.17451090652623430
  0.18533411373187736  0.19583324009213651  0.20615150641972521  0.21626424308099967
  0.22620341580600212  0.23586448251160369  0.24523555660317634  0.25444608483140496
  0.26348504568146019  0.27239302587581521  0.28129095034639234  0.29017721657668544
  0.29899444291977939  0.30762758524218159  0.31604988816043939  0.32433028389007179
  0.33255498233084979  0.34081572714508168  0.34912963202327008  0.35734761387952829
  0.36529816466243137  0.37305623646036673  0.38074663172552309  0.38837863540310036
  0.39602405391875423  0.40369055475661053  0.41132015922334964  0.41900159514749186
  0.42673022931450594  0.43439373420335758  0.44190962469421746  0.44935894394559156
  0.45681497514824293  0.46431241248518668  0.47194377849749397  0.47974125921033722
  0.48772501403565299  0.49569038749047734  0.50349584999992458  0.51117409607673892
  0.51877419944303294  0.52643654038221377  0.53408576172216216  0.54182139333345336
  0.54935927985285093  0.55687982609502118  0.56435007232239887  0.57176992355569478
  0.57917860383315067  0.58649771528206884  0.59377153508631564  0.60110981332221014
  0.60857049946085506  0.61614772940883800  0.62385420874338804  0.63174022293986665
  0.63975810782570974  0.64781598666010298  0.65585982667796661  0.66389358001092336
  0.67201465860532650  0.68031957759368822  0.68878347665364270  0.69741551464188456
  0.70626865936429561  0.71533049433592732  0.72457577023556330  0.73394956168006287
  0.74359627586271615  0.75375095943993364  0.76438511088849392  0.77506471263040044
  0.78587390461334694  0.79706555840735804  0.80886199119001156  0.82111256854138570
  0.83372038633848344  0.84681868740470523  0.86069519276775563  0.87589604214584993
  0.89319570691518790  0.91383690266239959  0.94298004133761593  1.00000000000000000
 -0.02492307704789182  0.12928216985787924  0.16879274658048798  0.19274748281282181
  0.21134264095938191  0.22719806072202794  0.24069856888240398  0.25306314255128831
  0.26397971666045977  0.27422313522639219  0.28356856232531485  0.29257542744629811
  0.30106660989537415  0.30919167440049450  0.31704066527783736  0.32449574656181046
  0.33170792209821576  0.33858099863290486  0.34529321252001705  0.35176933857311893
  0.35802543636047141  0.36410576665941446  0.37012384694912437  0.37605478352296778
  0.38182051925451022  0.38753143598182554  0.39318371278921277  0.39869707482603844
  0.40409943623132438  0.40940701407789809  0.41464324135996244  0.41976304766276895
  0.42483667342331632  0.42986442870110181  0.43486518993040130  0.43984570981731241
  0.44480337710815726  0.44974029005410715  0.45468733970649750  0.45965364692694038
  0.46462441442599217  0.46961298125758905  0.47453931147771788  0.47941955926039276
  0.48426511243267834  0.48909491900485225  0.49390108824755408  0.49878960073405759
  0.50358223079489817  0.50845722675902838  0.51330771721963331  0.51812310113155724
  0.52290632000640147  0.52767693707406571  0.53245936225887380  0.53727700040903914
  0.54214078061300952  0.54702245279411410  0.55190887034899339  0.55685627217456202
  0.56180987769297142  0.56682430813726448  0.57188718346860989  0.57708693713329173
  0.58231132326005697  0.58753825830400330  0.59275376445795569  0.59795714931438548
  0.60319162415126659  0.60849984561402881  0.61393468049524447  0.61950321971461497
  0.62519300851867998  0.63099628740848268  0.63685008415840405  0.64281551252378544
  0.64906315227932088  0.65563582937591536  0.66233666827384818  0.66914673092462018
  0.67616583511275707  0.68337457688675518  0.69108870917867138  0.69919244842295081
  0.70765295111990345  0.71662861772389586  0.72610468264122796  0.73624129115680315
  0.74687623719951945  0.75893172508792672  0.77220645460545900  0.78794015187299082
  0.80667026955108811  0.83073640902483714  0.87031225005511514  1.00000000000000000
   2.3214955229974563E-003  -1.0000000000000000     
 F F F F F F F F F F F F F F F F F F F F F F F F F F F F F F F F
  <DiscreteSampler_grid>
  grouped_processes
  1 # 1 for a reference and 2 for a running grid.
  10 # Attribute 'min_bin_probing_points' of the grid.
  1 # Attribute 'grid_mode' of the grid. 1=='default',2=='initialization'
  0.0000000000000000 # Attribute 'small_contrib_threshold' of the grid.
  0.5000000000000000 # Attribute 'damping_power' of the grid.
 # binID   n_entries weight   weight_sqr   abs_weight
    10   10   2.621492530796030E+008   1.729879388165092E+017   2.621492530796030E+008
    16   10   2.621492530796030E+008   1.729879388165092E+017   2.621492530796030E+008
  </DiscreteSampler_grid>
