 -0.00009228307436777  0.00076255988893000  0.00167844251456993  0.00300323593905941
  0.00466424078433747  0.00667207186101268  0.00904767693447857  0.01185184299912892
  0.01483534337901734  0.01823597355646947  0.02189281835352218  0.02578959835542546
  0.02992854162548838  0.03438422698175397  0.03923548246674912  0.04446684365342009
  0.04988038675012880  0.05560401112978405  0.06165787783281138  0.06787742093219916
  0.07435895070146126  0.08118552455320552  0.08817289069520012  0.09530877539715288
  0.10279886183539637  0.11044834455818181  0.11823710177299047  0.12623631230421009
  0.13431824678810142  0.14277093996794596  0.15144741558464828  0.16020030731599655
  0.16920356734634631  0.17855039308937759  0.18813933418694773  0.19799934090179827
  0.20817511889362572  0.21864350922142525  0.22928316248315542  0.24000565816255148
  0.25089627122503910  0.26197645982439693  0.27305318431926195  0.28420096173564668
  0.29526667218537611  0.30714521834206093  0.31941799805136861  0.33158883033637182
  0.34382319704371700  0.35638817331027228  0.36935647441548125  0.38263503308987501
  0.39602722061650397  0.40940255752941607  0.42295041670136840  0.43742609199956506
  0.45119729258348756  0.46497462728243671  0.47850594947166220  0.49190659727314812
  0.50571147397981298  0.52017902332717869  0.53496869344172937  0.54993818691775032
  0.56455614416692357  0.57880394578817140  0.59284861682485146  0.60693655890508591
  0.62092334029338503  0.63472400236265469  0.64864055291484590  0.66273864110999925
  0.67729041749769903  0.69197294233870965  0.70662186347467038  0.72127519478662006
  0.73607362537808441  0.75052001957930681  0.76506138187406358  0.77964066406170995
  0.79415300472008798  0.80848938415598814  0.82259253927999332  0.83645425605996149
  0.85040921831055671  0.86448054244540495  0.87857449624596351  0.89232349549518952
  0.90571819692501776  0.91896642211473811  0.93222675865451088  0.94571393661645786
  0.95928314131708681  0.97294532337112882  0.98656440274987511  1.00000000000000000
 -0.00146938049100443  0.00918665737316820  0.01858480275088236  0.02912767836737610
  0.03988044636343651  0.05059702355921750  0.06087901291199189  0.07113151010839526
  0.08134915584765462  0.09163596121657969  0.10266928445986302  0.11427213237905938
  0.12588970154798912  0.13669763364778476  0.14682536785625883  0.15667021296323150
  0.16623053361111895  0.17654830934733609  0.18727866679053506  0.19811844696862299
  0.20857558397261033  0.21907105144675629  0.22964171315719642  0.24037964467081732
  0.25109610516648728  0.26176577783290850  0.27224976356611935  0.28250565222684398
  0.29321874974044870  0.30435179073133478  0.31536387310538877  0.32581839299325982
  0.33588715209290670  0.34608979978638460  0.35640883081596664  0.36692125601008729
  0.37775202719446194  0.38860426531271669  0.39896981246851299  0.40951726959074058
  0.41997133260291014  0.43121093684386347  0.44231794560245646  0.45374104949533128
  0.46434609363144153  0.47430750310186842  0.48391805305088315  0.49335015755976658
  0.50279873831186506  0.51315001953565520  0.52352835762177163  0.53346089467262714
  0.54328175995702521  0.55314643736777025  0.56339463336782769  0.57342910215996767
  0.58257802875064302  0.59179598844532399  0.60127846839999333  0.61122950519023500
  0.62146566230331624  0.63243473599641886  0.64409137016910856  0.65623620481737188
  0.66835997108921008  0.67940372340080912  0.69157512887531591  0.70319265581278467
  0.71409757902583859  0.72449280876198219  0.73506970286835915  0.74638607062432794
  0.75805397418417542  0.77010909684506546  0.78212647073910246  0.79393730645031790
  0.80536415357452051  0.81703622604552184  0.82813609110245123  0.83881655150290502
  0.84935068485045728  0.85931735527801689  0.86904396855263921  0.87863219873245157
  0.88787244198013049  0.89732032875611623  0.90654892567229151  0.91560513227943430
  0.92541198759852061  0.93544022982366370  0.94595465445704030  0.95681852615515917
  0.96746188664246136  0.97846551705647433  0.98883906302963165  1.00000000000000000
 -0.00219737429946138  0.01704532069264493  0.03151039398326996  0.04411469096830765
  0.05627346463877042  0.06730000600399705  0.07709950008368617  0.08684855524960715
  0.09724463111152483  0.10717795411468070  0.11631652841507080  0.12526175484653518
  0.13385927563264030  0.14246026870809131  0.15078209069258972  0.15885819408526342
  0.16707841417841029  0.17590294555073707  0.18482067341771288  0.19325487683850631
  0.20123779924200388  0.20915079026422545  0.21751937584059999  0.22619297896364401
  0.23459056631071207  0.24272111205929256  0.25058589290305022  0.25886833791126779
  0.26720625603484277  0.27554444091161273  0.28370924475766313  0.29154556841802903
  0.29870421055017449  0.30556725329713774  0.31232444101432244  0.31930802906157063
  0.32653908411910088  0.33412545315679121  0.34182613369006692  0.34935223500850160
  0.35729139301221957  0.36553703189715497  0.37374311219402073  0.38200368964521958
  0.39023512253117615  0.39821023614404877  0.40596398821754870  0.41361225873518892
  0.42122629367989511  0.42902105204992003  0.43711903633731691  0.44521038144522468
  0.45298541873411058  0.46089375858715931  0.46951180380895835  0.47842165882297483
  0.48730948863441970  0.49692532863181166  0.50714438926494543  0.51749896941314300
  0.52708198919313487  0.53611903050587140  0.54527456672498142  0.55470115524056740
  0.56400706588813032  0.57302841226655044  0.58169748309658420  0.59005103503597800
  0.59852860913072714  0.60749954249465554  0.61703452355734878  0.62679276217670665
  0.63624420425288242  0.64553157345195544  0.65498796543231608  0.66468082521013672
  0.67495575180241607  0.68584458244801549  0.69741255784162037  0.70952431087305634
  0.72164778341701719  0.73379270479428005  0.74594652329302547  0.75842620824970086
  0.77087046982742002  0.78343340420267293  0.79668834536348054  0.81144940492448581
  0.82745643347158537  0.84342883741031072  0.85927474165957740  0.87629135392053148
  0.89618105533526993  0.91864556391371210  0.94753809393776556  1.00000000000000000
 -0.01269710806195640  0.09417067124730842  0.16401399264347391  0.20551089665316946
  0.23347500043656499  0.25534920057933719  0.27314070823737679  0.28857238787491213
  0.30244937747056660  0.31523717201409907  0.32751994005352941  0.33911005837599362
  0.35034181233625084  0.36097062299372401  0.37109035328705425  0.38103200370268148
  0.39086466471950049  0.40061697826285741  0.41020839974888512  0.41935166168767429
  0.42818561363800972  0.43665242563800333  0.44468638730120952  0.45238042606767753
  0.46002684250273806  0.46737197426120020  0.47442948287776066  0.48145922041216827
  0.48855502674490181  0.49578607106880079  0.50283057238505702  0.50957731966396669
  0.51624443654663688  0.52313997482206842  0.52985030541188638  0.53666619299628004
  0.54303330363238433  0.54943307408698583  0.55562837362401751  0.56165803276230997
  0.56778705836138166  0.57387780161696844  0.58007107630265198  0.58626492430359045
  0.59249943700934171  0.59867448114427269  0.60474280515977119  0.61083163317126099
  0.61682858948273434  0.62273090772535200  0.62877986471428338  0.63497103225664064
  0.64102299019541953  0.64687542039613954  0.65255054951125191  0.65814822727370037
  0.66380969850020066  0.66958527091638709  0.67533589509279612  0.68105735780822230
  0.68687320977471389  0.69250839881350290  0.69819920943354741  0.70363661910737041
  0.70898093506542847  0.71449568199540192  0.72026616234232266  0.72624887651142567
  0.73237960456563023  0.73842427517629405  0.74433455338262777  0.75017586502426548
  0.75588945597226076  0.76151954789994392  0.76719342262712564  0.77284171846934935
  0.77854979592839180  0.78454226720514320  0.79052877911495234  0.79636177779492445
  0.80226881474183531  0.80822413480254118  0.81446349140876628  0.82089626547657557
  0.82722343810987775  0.83367670961706397  0.84062708248916751  0.84816781841524291
  0.85646439975092203  0.86546001460653765  0.87538440511926263  0.88692574858846762
  0.89999517079197677  0.91577916127252579  0.94124335998560316  1.00000000000000000
   1.7730069316111471E-003  -1.0000000000000000     
 F F F F F F F F F F F F F F F F F F F F F F F F F F F F F F F F
  <DiscreteSampler_grid>
  grouped_processes
  1 # 1 for a reference and 2 for a running grid.
  10 # Attribute 'min_bin_probing_points' of the grid.
  1 # Attribute 'grid_mode' of the grid. 1=='default',2=='initialization'
  0.0000000000000000 # Attribute 'small_contrib_threshold' of the grid.
  0.5000000000000000 # Attribute 'damping_power' of the grid.
 # binID   n_entries weight   weight_sqr   abs_weight
    10   10   2.912542506915128E+008   8.641949750235229E+016   2.912542506915128E+008
    11   10   2.912542506915128E+008   8.641949750235229E+016   2.912542506915128E+008
  </DiscreteSampler_grid>
