  0.00000132280014226  0.00000616622032066  0.00001091467190995  0.00001518315957707
  0.00001923447351381  0.00002324251801047  0.00002729783413076  0.00003148929404883
  0.00003573583621662  0.00003993351638398  0.00004414491463571  0.00004840685491129
  0.00005273758668323  0.00005712369496193  0.00006169182113414  0.00006633480317204
  0.00007108213731536  0.00007585315823349  0.00008063028310419  0.00008550558864341
  0.00009047637596762  0.00009551335702276  0.00010058340884874  0.00010576512978396
  0.00011104542562567  0.00011645763957876  0.00012200334829285  0.00012764702225410
  0.00013339568459910  0.00013926859523562  0.00014524657333440  0.00015131845299008
  0.00015743479088561  0.00016360734336944  0.00016994453012637  0.00017679677556990
  0.00018366896770425  0.00019083342445608  0.00019815022350438  0.00020570146333454
  0.00021377244918195  0.00022214857158223  0.00023089298446922  0.00024005028159297
  0.00024938256402526  0.00025899513650984  0.00026894230447719  0.00027920658080262
  0.00029011594640845  0.00030154642532921  0.00031345305743814  0.00032571484073272
  0.00033821788119351  0.00035137467475317  0.00036544401114565  0.00037986340823804
  0.00039522391319317  0.00041102707912511  0.00042766080088081  0.00044567267809523
  0.00046462129079681  0.00048462105534933  0.00050555344880514  0.00052759433517377
  0.00055180765904997  0.00057686415270493  0.00060431428673939  0.00063294510024730
  0.00066466013876198  0.00069895565953245  0.00073677392038989  0.00077675779252124
  0.00081983083765481  0.00086713065058609  0.00092052137511908  0.00097915818328106
  0.00104244590863261  0.00111045429443513  0.00118531933215173  0.00126958009414300
  0.00136518873385034  0.00146947634907978  0.00159458565218756  0.00173216801046254
  0.00188877015018829  0.00207670520924288  0.00230517253103775  0.00257047075781153
  0.00287876782241893  0.00329784132375172  0.00388800514734928  0.00466301015482690
  0.00567773218908133  0.00746761732510682  0.13169347140161342  1.00000000000000000
 -0.00231011753618002  0.01024843113095173  0.02085147772965945  0.03139623019611190
  0.04185117382026085  0.05220300494212394  0.06288267036385133  0.07355366340050426
  0.08414959099789229  0.09462458741993894  0.10512017286205830  0.11585028491470611
  0.12657629464071271  0.13740632005929065  0.14823469743643958  0.15880402841656158
  0.16948662237011911  0.18009857331009474  0.19074219978575815  0.20121332483545726
  0.21198653034264861  0.22274269281604572  0.23321980484805435  0.24368643330387671
  0.25402580049130652  0.26436432189769227  0.27459663544816143  0.28472672579230934
  0.29473182416777760  0.30461358091014462  0.31449568545524997  0.32491279595863670
  0.33530034829154393  0.34590217750501168  0.35661382657433971  0.36721686377676976
  0.37780339957642450  0.38850060421021232  0.39915611224399566  0.40932091527123160
  0.41947519296221158  0.42969112964288703  0.44012207916100771  0.45047985361544396
  0.46086255858271308  0.47140895982244613  0.48223888142961385  0.49330119908293646
  0.50422620053226064  0.51496518058411722  0.52572734101124063  0.53668124668510331
  0.54739451377480774  0.55793134832678803  0.56837727518167680  0.57889793791105570
  0.58942984394124698  0.59984599555214690  0.61009266610528223  0.62042725385605835
  0.63084800376091732  0.64140423304622474  0.65194156315666973  0.66249118060671930
  0.67311650858281069  0.68388759038704983  0.69472398471925823  0.70545083693000221
  0.71599947232210726  0.72638648429179986  0.73654837210509860  0.74666442001916256
  0.75678939513824728  0.76686175182664762  0.77716412975155136  0.78760752787018562
  0.79800854072108929  0.80829881396080971  0.81859725549546603  0.82882569584374521
  0.83896016529781303  0.84904744862131309  0.85928761640415330  0.86972819345769403
  0.88017084292822745  0.89115596058645752  0.90233371703742493  0.91329972267390758
  0.92397529092603237  0.93447169656749451  0.94481253171938651  0.95524488025394583
  0.96598841962850224  0.97717786064555867  0.98852408607644793  1.00000000000000000
 -0.00386211658985097  0.02474434729260629  0.04534674274033720  0.06267762654215932
  0.07814082100154682  0.09226346249916510  0.10562550665976386  0.11812243171393466
  0.13035464069185604  0.14215411768756997  0.15353069964944249  0.16444757121408665
  0.17509119225360859  0.18548211824947286  0.19577959407390558  0.20605306428214923
  0.21631165550384762  0.22643094640614214  0.23635163036182411  0.24588622339195715
  0.25519439390105836  0.26431866301416007  0.27346548716807584  0.28260202245513022
  0.29157834072303651  0.30047890391661503  0.30937827310680388  0.31820112686636975
  0.32706861808910503  0.33586959876905265  0.34443114363724608  0.35287329730950717
  0.36105148706838230  0.36915877664162261  0.37719831735728293  0.38523209907914696
  0.39330552921695194  0.40132214146384415  0.40930032391008742  0.41718387842866295
  0.42492182102881415  0.43259820805961768  0.44032913088892811  0.44818144445235125
  0.45612288708728160  0.46401069499647934  0.47157203349955318  0.47894020307243745
  0.48660660479503226  0.49460287319001983  0.50252105958151083  0.51042336977557901
  0.51822472547457288  0.52603045122403003  0.53394324293700735  0.54179887266881677
  0.54943110090153557  0.55695587935389235  0.56458262885934385  0.57239078289172818
  0.58035275658864149  0.58839012733659235  0.59646951539211179  0.60456950464551418
  0.61254647349720204  0.62080758489143006  0.62896397797317816  0.63738926878567337
  0.64590025160093045  0.65460120548621825  0.66308840713951389  0.67167125851360920
  0.68033561570606604  0.68902980994574092  0.69790760221092807  0.70689936833738742
  0.71604962012199369  0.72536411181281846  0.73478464249478814  0.74436172958224889
  0.75426980230182261  0.76461721055052856  0.77500269795679444  0.78552818239600564
  0.79609412845744942  0.80698079469924133  0.81832010518651854  0.83002028698192354
  0.84237327927039551  0.85517017354163016  0.86911739519818743  0.88389502673380449
  0.90064811117802968  0.92137274962496529  0.95022193479412032  1.00000000000000000
 -0.01857892184565776  0.11411087006551988  0.15261399793604413  0.17709200085911542
  0.19628872230476058  0.21252473165176744  0.22686697864912286  0.23955168123775764
  0.25131001201956815  0.26180442713247071  0.27189114734051500  0.28110638743527078
  0.28982133844072266  0.29816935067320555  0.30619229104181139  0.31404879267252184
  0.32152037226829561  0.32888606206573628  0.33591305570743979  0.34268168351016109
  0.34935098340587706  0.35578959937908727  0.36208616023312384  0.36836126791688339
  0.37456774074709409  0.38050163474535370  0.38634554696069145  0.39206551932615274
  0.39775720874364962  0.40336865300973407  0.40891143884050912  0.41438408610950228
  0.41975069195182602  0.42503769662812552  0.43028288504294582  0.43553016580472509
  0.44086790482139132  0.44625435266811753  0.45161314878940906  0.45684291656976039
  0.46200611794285079  0.46712148699933809  0.47225324251412987  0.47741771571724090
  0.48255944270157231  0.48764797555379485  0.49272989464551964  0.49778819797435014
  0.50275744503451092  0.50759315699103680  0.51245885402099389  0.51729616209801799
  0.52218563000089413  0.52713590143248690  0.53207862605044765  0.53700983135060743
  0.54195059499701559  0.54696094144397722  0.55208226532715066  0.55723160117322035
  0.56244226788306972  0.56770420354099604  0.57311817105996277  0.57853309842905365
  0.58416836256856264  0.58988226658639731  0.59563349406987975  0.60140132623751119
  0.60714670405536608  0.61291595911090013  0.61880628419183803  0.62484726902419663
  0.63115816286646020  0.63752485294346273  0.64395050078971050  0.65045525614590061
  0.65710684624619464  0.66377907631277611  0.67064709588842841  0.67777663855561643
  0.68515989961305113  0.69319255842923500  0.70150472677824438  0.71027061273026759
  0.71934222213063304  0.72869239527897867  0.73863756470395381  0.74924072718542289
  0.76095934896911066  0.77345423413508363  0.78769124282952174  0.80412064376204573
  0.82326943135663155  0.84717007815222278  0.88577368559426473  1.00000000000000000
   4.6142156640081112E-003  -1.0000000000000000     
 F F F F F F F F F F F F F F F F F F F F F F F F F F F F F F F F
  <DiscreteSampler_grid>
  grouped_processes
  1 # 1 for a reference and 2 for a running grid.
  10 # Attribute 'min_bin_probing_points' of the grid.
  1 # Attribute 'grid_mode' of the grid. 1=='default',2=='initialization'
  0.0000000000000000 # Attribute 'small_contrib_threshold' of the grid.
  0.5000000000000000 # Attribute 'damping_power' of the grid.
 # binID   n_entries weight   weight_sqr   abs_weight
    10   10   1.257201894651817E+008   2.768743411575276E+016   1.257201894651817E+008
    16   10   1.257201894651817E+008   2.768743411575276E+016   1.257201894651817E+008
  </DiscreteSampler_grid>
